5 4 3 6 8
18 14 13 12 11
28 44 59 83 86
37 36 32 35 40
38 54 66 100 113
41 51 63 76 93
80 91 119 145 148
107 126 136 155 162
128 123 103 72 69
164 157 154 129 112
176 180 184 190 194
183 189 193 198 201
27 26 25 34 33
45 53 52 57 62
74 75 87 104 111
117 110 109 108 101
125 131 146 160 167
174 169 170 156 153
56 78 89 124 142
70 88 95 115 132
71 96 102 133 149
141 140 122 127 120
43 77 94 116 137
46 65 73 99 118
114 92 82 61 49
161 168 179 197 200
47 60 64 50 39
58 79 97 105 134
29 24 23 20 22
151 159 166 178 186
