   1.7561500e-01   2.8317850e+00   1.0280000e+02   2.4035000e-02   8.8000000e+00
   1.6318500e-01   4.4861850e+00   1.0640000e+02   2.1505000e-02   9.0800000e+00
   2.3424500e-01   5.9180000e+00   1.3120000e+02   2.5575000e-02   8.3400000e+00
   1.3645500e-01   6.2328200e+00   1.0020000e+02   2.8435000e-02   8.2900000e+00
   2.0702000e-01   9.2180000e+00   1.3140000e+02   2.3210000e-02   9.1200000e+00
   3.2499500e-01   5.4562750e+00   1.0120000e+02   5.0050000e-02   8.3100000e+00
   4.5760000e-01   9.9506000e+00   1.3000000e+02   2.4035000e-02   8.6700000e+00
   5.8850000e-01   4.8389550e+00   1.1580000e+02   2.4805000e-02   8.1100000e+00
   8.5712000e-01   3.9906900e+00   1.0600000e+02   2.7060000e-02   1.1580000e+01
   9.3775000e-01   2.9407950e+00   1.0980000e+02   2.4805000e-02   1.0020000e+01
   1.1090200e+00   4.7770250e+00   1.1400000e+02   2.0570000e-02   8.2500000e+00
   1.2854050e+00   6.3036600e+00   1.0660000e+02   5.1205000e-02   8.4800000e+00
   1.1957550e+00   3.2983500e+00   1.3300000e+02   3.2230000e-02   1.0340000e+01
   1.2405800e+00   3.7705800e+00   1.0600000e+02   2.4805000e-02   8.0100000e+00
   1.1893750e+00   3.9762250e+00   1.3500000e+02   2.7775000e-02   9.3100000e+00
   1.1770000e+00   6.1306850e+00   1.1800000e+02   1.8645000e-02   8.1000000e+00
   1.2222100e+00   7.0701400e+00   1.1120000e+02   2.9755000e-02   1.1830000e+01
   1.2524050e+00   7.4501350e+00   1.1140000e+02   2.8435000e-02   1.1230000e+01
   1.3312200e+00   7.8235300e+00   1.1180000e+02   3.0415000e-02   1.0710000e+01
   1.4958350e+00   3.0642150e+00   1.3340000e+02   3.8280000e-02   1.0800000e+01
   1.4043150e+00   3.6923150e+00   1.3400000e+02   2.4035000e-02   9.9400000e+00
   1.4156450e+00   5.9290000e+00   1.1120000e+02   2.9755000e-02   1.0350000e+01
   1.3138950e+00   6.3193900e+00   1.0800000e+02   4.1635000e-02   8.3300000e+00
   1.4669050e+00   6.8781350e+00   1.2520000e+02   1.6445000e-02   8.3000000e+00
   1.2705000e+00   7.4250000e+00   1.1420000e+02   1.0725000e-02   8.0300000e+00
   1.7394850e+00   3.7400000e-01   1.1460000e+02   2.4035000e-02   8.8300000e+00
   1.6785450e+00   1.3437050e+00   1.1740000e+02   2.4805000e-02   1.0780000e+01
   1.6536850e+00   3.4127500e+00   1.3420000e+02   2.1505000e-02   1.1050000e+01
   1.5774000e+00   6.5840500e+00   1.2520000e+02   1.9635000e-02   8.0400000e+00
   1.7949800e+00   1.0540640e+01   1.1600000e+02   3.1020000e-02   8.4300000e+00
   1.8327650e+00   2.8447650e+00   1.3360000e+02   3.6740000e-02   1.0830000e+01
   2.2238150e+00   1.4801050e+00   1.3240000e+02   1.8645000e-02   9.0900000e+00
   2.2165000e+00   2.2935000e+00   1.2380000e+02   2.2385000e-02   8.3200000e+00
   2.2623150e+00   2.9069150e+00   1.3380000e+02   2.4035000e-02   1.1840000e+01
   2.4812700e+00   1.7218850e+00   1.2380000e+02   2.3210000e-02   8.0100000e+00
   2.6021050e+00   2.4583350e+00   1.3320000e+02   3.8280000e-02   1.3580000e+01
   2.6092550e+00   2.6888400e+00   1.3440000e+02   2.5575000e-02   9.4500000e+00
   2.5716350e+00   6.4774050e+00   1.0600000e+02   2.3210000e-02   1.1330000e+01
   2.5036000e+00   6.9877500e+00   1.0580000e+02   1.9635000e-02   9.0500000e+00
   2.5554100e+00   7.2536750e+00   1.0560000e+02   2.2385000e-02   8.5000000e+00
   2.5465000e+00   9.8945000e+00   1.3340000e+02   2.0570000e-02   1.0040000e+01
   2.7347650e+00   1.0364530e+01   1.3160000e+02   2.2385000e-02   8.5400000e+00
   2.7559950e+00   1.0744800e+00   1.2500000e+02   2.0570000e-02   8.6000000e+00
   2.7393300e+00   1.7248550e+00   1.3060000e+02   2.6345000e-02   8.0000000e+00
   2.5955600e+00   2.4074050e+00   1.2420000e+02   4.3450000e-02   8.0100000e+00
   2.7995000e+00   5.8245000e+00   1.0760000e+02   1.8645000e-02   8.8900000e+00
   2.6833400e+00   6.2425000e+00   1.0580000e+02   1.7545000e-02   9.0000000e+00
   2.8710000e+00   6.7595000e+00   1.0120000e+02   1.8645000e-02   1.0070000e+01
   2.8146250e+00   7.0601850e+00   1.0140000e+02   2.1505000e-02   1.3290000e+01
   2.6576000e+00   7.5256500e+00   1.0560000e+02   1.9635000e-02   8.1200000e+00
   2.8792500e+00   7.6945000e+00   1.0140000e+02   2.1505000e-02   1.1480000e+01
   3.0133400e+00   7.8478400e+00   1.1480000e+02   1.7545000e-02   8.0900000e+00
   2.9192900e+00   8.8073150e+00   1.1640000e+02   1.8645000e-02   9.8400000e+00
   2.8252400e+00   1.0116260e+01   1.3360000e+02   2.7060000e-02   1.0310000e+01
   3.0210400e+00   2.3021900e+00   1.3300000e+02   3.7235000e-02   1.0630000e+01
   3.0312150e+00   5.5488400e+00   1.0780000e+02   1.7545000e-02   1.0480000e+01
   3.1856000e+00   9.8340000e-01   1.2500000e+02   2.4035000e-02   9.5400000e+00
   3.3048950e+00   5.2928150e+00   1.0780000e+02   1.8645000e-02   9.2900000e+00
   3.1110200e+00   7.5220200e+00   1.1480000e+02   2.3210000e-02   8.6800000e+00
   3.0048700e+00   8.0023350e+00   1.0220000e+02   3.5090000e-02   8.1500000e+00
   3.1911000e+00   8.2885000e+00   1.0160000e+02   1.9635000e-02   9.2300000e+00
   3.1890100e+00   8.6665150e+00   1.0880000e+02   2.0570000e-02   8.5000000e+00
   3.2498400e+00   9.2998400e+00   1.1660000e+02   1.7545000e-02   8.0600000e+00
   3.4801250e+00   9.2860900e+00   1.0600000e+02   1.7545000e-02   8.6600000e+00
   3.7686550e+00   9.6913850e+00   1.1680000e+02   2.3210000e-02   8.0400000e+00
   3.5037750e+00   5.3900000e-01   1.3060000e+02   2.8435000e-02   9.0500000e+00
   3.6355000e+00   9.1393500e-01   1.2520000e+02   2.9755000e-02   9.7700000e+00
   3.5475000e+00   3.9490000e+00   1.0200000e+02   1.6445000e-02   8.0100000e+00
   3.6531000e+00   6.3987000e+00   1.0000000e+02   1.9635000e-02   9.0700000e+00
   3.6685000e+00   6.6872300e+00   1.1480000e+02   2.3210000e-02   9.6900000e+00
   3.9886000e+00   4.8620000e+00   1.0760000e+02   1.9635000e-02   1.2260000e+01
   3.9329950e+00   5.9105200e+00   1.0000000e+02   2.0570000e-02   1.0820000e+01
   3.8720000e+00   6.5725000e+00   1.0180000e+02   2.0570000e-02   1.2110000e+01
   3.7937900e+00   6.8031700e+00   1.0140000e+02   2.6345000e-02   1.1090000e+01
   3.7592500e+00   7.0329050e+00   1.0160000e+02   2.3210000e-02   1.0890000e+01
   3.9787550e+00   5.4703000e-01   1.3020000e+02   2.9095000e-02   8.5400000e+00
   4.2484200e+00   5.6943150e+00   1.0000000e+02   3.7235000e-02   1.0320000e+01
   4.1517850e+00   6.1405850e+00   1.0180000e+02   2.4035000e-02   1.3590000e+01
   4.0985450e+00   8.9642850e+00   1.0080000e+02   6.1765000e-02   8.0400000e+00
   4.2436350e+00   4.3636450e+00   1.0000000e+02   4.1195000e-02   8.1600000e+00
   4.3755250e+00   4.6979900e+00   1.0780000e+02   2.0570000e-02   8.8700000e+00
   4.3707400e+00   5.5389950e+00   1.0000000e+02   3.6190000e-02   1.0810000e+01
   4.2614000e+00   7.0407150e+00   1.0000000e+02   5.2305000e-02   9.4800000e+00
   4.3857550e+00   7.2565350e+00   1.0000000e+02   5.2305000e-02   1.2050000e+01
   4.3037500e+00   8.0602500e+00   1.0000000e+02   1.2430000e-02   9.6800000e+00
   4.3355950e+00   9.6552500e+00   1.0040000e+02   2.3210000e-02   1.1110000e+01
   4.5802900e+00   8.0349500e-01   1.2560000e+02   3.5090000e-02   1.0050000e+01
   4.5431100e+00   5.4138150e+00   1.0000000e+02   4.1635000e-02   1.0880000e+01
   4.3486850e+00   5.9528150e+00   1.0180000e+02   2.6345000e-02   1.0920000e+01
   4.6050950e+00   6.6110000e+00   1.0040000e+02   1.6445000e-02   1.0870000e+01
   4.4825000e+00   6.8215950e+00   1.0180000e+02   1.6445000e-02   9.7700000e+00
   4.6571250e+00   8.4425000e+00   1.0060000e+02   1.2430000e-02   8.8300000e+00
   4.5727550e+00   9.7453400e+00   1.0000000e+02   2.5575000e-02   1.3830000e+01
   4.6968350e+00   7.8705000e-01   1.2240000e+02   3.3990000e-02   8.9300000e+00
   4.8149200e+00   2.6106850e+00   1.2960000e+02   2.6345000e-02   8.0400000e+00
   4.7953400e+00   6.5223400e+00   1.0200000e+02   1.7545000e-02   1.1860000e+01
   4.8507250e+00   7.0999500e+00   1.0160000e+02   2.7775000e-02   1.1780000e+01
   4.7836250e+00   7.3514650e+00   1.0160000e+02   2.4805000e-02   1.1630000e+01
   4.8025450e+00   7.6042450e+00   1.0140000e+02   3.2230000e-02   9.6100000e+00
   4.7323100e+00   8.1070000e+00   1.0020000e+02   2.1505000e-02   8.0100000e+00
   4.7238400e+00   8.5092150e+00   1.0060000e+02   1.7545000e-02   1.1030000e+01
   4.7092650e+00   9.5923850e+00   1.0000000e+02   3.3990000e-02   1.0430000e+01
   4.9678200e+00   5.9581500e-01   1.3060000e+02   2.8435000e-02   1.1070000e+01
   4.9261850e+00   3.2773950e+00   1.1040000e+02   1.8645000e-02   8.0100000e+00
   5.0077500e+00   5.2735100e+00   1.0000000e+02   4.1195000e-02   1.2530000e+01
   4.9877300e+00   6.4035950e+00   1.0200000e+02   1.6445000e-02   8.3400000e+00
   4.8115650e+00   7.5703100e+00   1.0000000e+02   2.1505000e-02   1.1070000e+01
   5.0554350e+00   7.6577050e+00   1.0000000e+02   5.4450000e-02   9.6900000e+00
   5.0655000e+00   8.5057500e+00   1.0000000e+02   1.7545000e-02   1.2690000e+01
   4.9866850e+00   8.5726850e+00   1.0000000e+02   1.5180000e-02   9.8800000e+00
   5.0773250e+00   9.6749400e+00   1.0000000e+02   3.8775000e-02   1.2840000e+01
   5.2081700e+00   8.0360500e-01   1.2220000e+02   2.6345000e-02   9.7100000e+00
   5.2754900e+00   2.6024900e+00   1.2920000e+02   2.0570000e-02   8.2500000e+00
   5.1224800e+00   3.7010050e+00   1.0200000e+02   2.0570000e-02   9.2400000e+00
   5.3666250e+00   5.8309350e+00   1.0280000e+02   3.0415000e-02   8.3100000e+00
   5.0853000e+00   6.8926000e+00   1.0320000e+02   1.3860000e-02   1.0170000e+01
   5.2321500e+00   7.3276500e+00   1.0020000e+02   1.9635000e-02   1.2720000e+01
   5.1364500e+00   9.8282250e+00   1.0000000e+02   2.7775000e-02   1.1680000e+01
   5.6046100e+00   5.8371500e+00   1.0580000e+02   4.9280000e-02   8.1200000e+00
   5.5272800e+00   5.8366550e+00   1.0320000e+02   1.2886500e-01   8.2800000e+00
   5.4862500e+00   7.2132500e+00   1.0000000e+02   2.1505000e-02   9.5500000e+00
   5.3945100e+00   7.2719900e+00   1.0020000e+02   2.0570000e-02   9.8200000e+00
   5.3354950e+00   7.6854800e+00   1.0000000e+02   5.4120000e-02   9.6600000e+00
   5.4560000e+00   8.0179000e+00   1.0000000e+02   1.9635000e-02   8.6000000e+00
   5.3483650e+00   8.2000050e+00   1.3420000e+02   2.8435000e-02   1.2270000e+01
   5.2477150e+00   8.3057150e+00   1.0000000e+02   1.7545000e-02   1.0150000e+01
   5.4496750e+00   9.8089750e+00   1.0000000e+02   2.7775000e-02   1.0060000e+01
   5.6075800e+00   1.5795450e+00   1.2860000e+02   2.4805000e-02   8.4900000e+00
   5.5514800e+00   3.0701550e+00   1.0520000e+02   2.3210000e-02   8.0200000e+00
   5.4767350e+00   6.9693250e+00   1.0000000e+02   5.0050000e-02   8.1600000e+00
   5.3661850e+00   7.6804200e+00   1.0200000e+02   3.2230000e-02   8.5000000e+00
   5.5974600e+00   8.2368550e+00   1.3360000e+02   2.6345000e-02   1.4720000e+01
   5.5962500e+00   8.2720000e+00   1.3120000e+02   8.8000000e-03   9.8200000e+00
   5.6508100e+00   1.0014950e+01   1.2120000e+02   2.7060000e-02   8.5500000e+00
   5.7523400e+00   2.6297150e+00   1.2920000e+02   1.7545000e-02   8.3800000e+00
   5.9525400e+00   2.7196400e+00   1.0020000e+02   3.1020000e-02   1.1260000e+01
   5.8857150e+00   3.1178400e+00   1.0960000e+02   1.7545000e-02   8.0700000e+00
   5.8697100e+00   5.8423750e+00   1.0200000e+02   9.4930000e-02   1.1830000e+01
   5.9113450e+00   9.6713100e+00   1.0000000e+02   3.8280000e-02   1.0300000e+01
   5.9596900e+00   1.0003620e+01   1.2080000e+02   2.7060000e-02   1.1610000e+01
   5.8813150e+00   1.0383395e+01   1.1220000e+02   1.8645000e-02   9.0300000e+00
   5.7319350e+00   8.5778000e-01   1.2000000e+02   3.0415000e-02   8.2500000e+00
   6.1474050e+00   1.6250850e+00   1.2800000e+02   2.5575000e-02   8.1800000e+00
   5.7874850e+00   1.8417300e+00   1.2980000e+02   2.9095000e-02   8.6800000e+00
   5.9015000e+00   5.8425950e+00   1.0060000e+02   5.4120000e-02   8.4500000e+00
   5.8630000e+00   5.9193200e+00   1.2180000e+02   5.1205000e-02   8.1500000e+00
   6.1496600e+00   8.1697550e+00   1.3400000e+02   2.5575000e-02   1.2080000e+01
   6.0562150e+00   8.7463750e+00   1.0000000e+02   3.5090000e-02   8.9200000e+00
   6.3451850e+00   1.7879400e+00   1.2900000e+02   2.1505000e-02   8.7100000e+00
   6.0646850e+00   2.6134350e+00   1.0760000e+02   1.5180000e-02   9.2100000e+00
   5.9428050e+00   5.8565100e+00   1.3460000e+02   1.1841500e-01   8.0400000e+00
   6.4625000e+00   7.2509800e+00   1.0680000e+02   2.3210000e-02   1.0650000e+01
   6.4167400e+00   2.6620000e+00   1.0000000e+02   3.2835000e-02   1.1330000e+01
   6.6110000e+00   6.9061850e+00   1.0100000e+02   2.6345000e-02   9.4300000e+00
   6.5294900e+00   7.0398900e+00   1.0000000e+02   4.3450000e-02   9.9800000e+00
   6.4680550e+00   7.2010400e+00   1.0000000e+02   5.1535000e-02   1.1280000e+01
   6.4319200e+00   8.0590400e+00   1.3400000e+02   2.6345000e-02   1.1350000e+01
   6.3537100e+00   9.5841350e+00   1.0000000e+02   4.3450000e-02   9.4200000e+00
   6.5926850e+00   9.8383450e+00   1.2100000e+02   3.0415000e-02   9.7100000e+00
   6.7249050e+00   2.3917300e+00   1.3100000e+02   2.3210000e-02   9.5800000e+00
   6.7030700e+00   2.7980700e+00   1.2920000e+02   2.7060000e-02   9.6700000e+00
   6.8841850e+00   3.1185000e+00   1.0940000e+02   2.1505000e-02   8.0200000e+00
   6.8099350e+00   3.7294400e+00   1.3040000e+02   2.1505000e-02   9.3100000e+00
   6.6416900e+00   6.8790150e+00   1.2240000e+02   4.1635000e-02   8.0600000e+00
   6.7038400e+00   7.9012450e+00   1.3400000e+02   2.5575000e-02   1.1140000e+01
   6.7393150e+00   8.5188950e+00   1.1940000e+02   1.8645000e-02   8.3700000e+00
   6.8004200e+00   9.4402000e+00   1.0000000e+02   4.3890000e-02   8.7700000e+00
   6.7619750e+00   9.9027500e-01   1.2140000e+02   2.7775000e-02   1.2760000e+01
   6.9068450e+00   1.7702300e+00   1.2860000e+02   2.3210000e-02   8.7100000e+00
   6.8900700e+00   2.6531450e+00   1.0000000e+02   3.4540000e-02   1.1520000e+01
   7.0155800e+00   3.9656100e+00   1.0180000e+02   7.2105000e-02   1.0940000e+01
   6.9685000e+00   6.7320000e+00   1.0000000e+02   1.8645000e-02   8.0900000e+00
   6.9666850e+00   6.8426050e+00   1.0000000e+02   1.8645000e-02   9.7100000e+00
   6.9602500e+00   7.0977500e+00   1.0000000e+02   2.1505000e-02   1.0880000e+01
   6.6682550e+00   8.7841600e+00   1.1720000e+02   2.5575000e-02   8.1300000e+00
   6.8979900e+00   9.6776900e+00   1.2060000e+02   3.5640000e-02   8.4900000e+00
   7.2646200e+00   1.0985700e+00   1.2160000e+02   2.7060000e-02   8.8300000e+00
   7.2380000e+00   1.8077400e+00   1.2740000e+02   2.7060000e-02   9.4800000e+00
   7.0161850e+00   3.9367900e+00   1.0560000e+02   1.8645000e-02   9.1600000e+00
   7.3769850e+00   4.1550850e+00   1.0940000e+02   2.4035000e-02   8.0800000e+00
   7.0502850e+00   5.4728850e+00   1.0080000e+02   2.4035000e-02   9.6600000e+00
   7.1307500e+00   5.6567500e+00   1.0100000e+02   2.3210000e-02   1.1370000e+01
   7.1895450e+00   5.8289550e+00   1.0080000e+02   2.4805000e-02   1.0940000e+01
   7.2813950e+00   6.1285400e+00   1.0040000e+02   2.6345000e-02   1.2730000e+01
   7.2717150e+00   8.1407150e+00   1.1600000e+02   1.7545000e-02   9.3500000e+00
   7.0934050e+00   8.3930000e+00   1.1580000e+02   1.6445000e-02   8.0400000e+00
   7.1809650e+00   9.4744650e+00   1.2000000e+02   2.7060000e-02   9.4000000e+00
   7.1354800e+00   1.0477005e+01   1.0060000e+02   2.0570000e-02   8.1300000e+00
   7.3483850e+00   2.3807300e+00   1.2640000e+02   2.3210000e-02   9.3200000e+00
   7.2721000e+00   2.5883000e+00   1.3120000e+02   2.4035000e-02   8.9700000e+00
   7.4506850e+00   3.8028100e+00   1.0040000e+02   5.4835000e-02   9.6500000e+00
   7.4143300e+00   4.1352300e+00   1.0200000e+02   7.3700000e-02   1.0380000e+01
   7.4882500e+00   5.6830950e+00   1.0160000e+02   2.3210000e-02   1.0100000e+01
   7.3161550e+00   6.2587250e+00   1.0060000e+02   2.7060000e-02   1.0610000e+01
   7.4566250e+00   6.3593750e+00   1.0120000e+02   1.7545000e-02   8.3200000e+00
   7.4848400e+00   7.1658400e+00   1.0120000e+02   1.7545000e-02   1.1700000e+01
   7.4188950e+00   7.8613150e+00   1.1580000e+02   1.8645000e-02   9.0200000e+00
   8.0064600e+00   1.8162100e+00   1.2740000e+02   3.5090000e-02   8.4000000e+00
   7.8003750e+00   2.7500000e+00   1.0320000e+02   1.7545000e-02   8.1500000e+00
   7.6385650e+00   5.9241050e+00   1.0140000e+02   2.6345000e-02   9.8400000e+00
   7.5955000e+00   6.1627500e+00   1.0060000e+02   1.9635000e-02   8.4700000e+00
   7.5769100e+00   6.2894700e+00   1.0140000e+02   2.2385000e-02   8.7800000e+00
   7.5203150e+00   6.7607100e+00   1.0120000e+02   1.8645000e-02   9.5100000e+00
   7.6603450e+00   6.8329800e+00   1.0080000e+02   2.3210000e-02   1.1460000e+01
   7.7730950e+00   3.8068800e+00   1.0000000e+02   4.4330000e-02   1.0690000e+01
   7.8163800e+00   4.0308400e+00   1.0080000e+02   4.6860000e-02   1.0250000e+01
   7.7858000e+00   4.3588050e+00   1.0140000e+02   7.2930000e-02   1.1090000e+01
   7.7994950e+00   5.7901250e+00   1.0080000e+02   3.5090000e-02   1.0830000e+01
   7.7518100e+00   6.1778750e+00   1.0140000e+02   2.1505000e-02   1.0830000e+01
   7.6642500e+00   6.4973150e+00   1.0080000e+02   2.1505000e-02   9.2400000e+00
   7.9436500e+00   6.9833500e+00   1.0120000e+02   3.2230000e-02   9.7200000e+00
   7.8426700e+00   2.7775000e+00   1.0280000e+02   4.2075000e-02   9.8400000e+00
   8.1433550e+00   4.0401900e+00   1.0000000e+02   3.7235000e-02   1.0900000e+01
   8.1536950e+00   4.3046300e+00   1.0000000e+02   5.2305000e-02   1.0450000e+01
   8.0190000e+00   4.4495000e+00   1.0820000e+02   1.8645000e-02   8.0300000e+00
   7.8872200e+00   6.0241500e+00   1.0020000e+02   3.2230000e-02   1.0930000e+01
   7.9426600e+00   6.2632350e+00   1.0080000e+02   3.6190000e-02   1.0590000e+01
   7.9662550e+00   6.7486650e+00   1.0080000e+02   3.7730000e-02   1.1060000e+01
   8.4960700e+00   1.7292550e+00   1.2620000e+02   5.7530000e-02   8.2200000e+00
   8.2684250e+00   2.8915150e+00   1.0000000e+02   3.1625000e-02   1.0290000e+01
   8.3737500e+00   4.6282500e+00   1.0840000e+02   2.1505000e-02   8.1100000e+00
   8.2808000e+00   4.7619000e+00   1.0000000e+02   1.9635000e-02   8.1000000e+00
   8.4973350e+00   5.1084000e-01   1.0880000e+02   3.6190000e-02   8.0900000e+00
   8.5425450e+00   1.8933200e+00   1.2860000e+02   2.8435000e-02   8.4100000e+00
   8.7985150e+00   3.4213850e+00   1.3120000e+02   2.4035000e-02   9.9300000e+00
   8.4719800e+00   4.3162350e+00   1.0000000e+02   3.8775000e-02   1.0820000e+01
   8.4280350e+00   4.9660600e+00   1.0040000e+02   8.3490000e-02   1.2940000e+01
   8.4663150e+00   5.1186850e+00   1.0000000e+02   1.0725000e-02   8.0900000e+00
   8.6742700e+00   5.3566150e+00   1.0000000e+02   3.2835000e-02   9.2200000e+00
   8.4744000e+00   6.5632600e+00   1.3500000e+02   6.9135000e-02   8.5400000e+00
   8.7042450e+00   4.8280100e+00   1.0800000e+02   2.5575000e-02   8.1400000e+00
   8.6991300e+00   5.0076400e+00   1.0000000e+02   5.5495000e-02   1.1750000e+01
   8.6748750e+00   5.3244400e+00   1.0080000e+02   7.9970000e-02   9.8900000e+00
   8.6798250e+00   5.9099700e+00   1.0000000e+02   2.2385000e-02   1.0810000e+01
   8.7149700e+00   6.3174100e+00   1.0000000e+02   2.2385000e-02   9.1500000e+00
   8.4555900e+00   6.5883400e+00   1.3440000e+02   2.4805000e-02   9.8400000e+00
   8.9609850e+00   1.9400150e+00   1.3000000e+02   3.3990000e-02   1.1160000e+01
   8.9216050e+00   2.9808350e+00   1.2460000e+02   3.7235000e-02   9.6600000e+00
   8.9876600e+00   4.9732650e+00   1.0000000e+02   4.0700000e-02   1.2890000e+01
   8.8949850e+00   5.4072150e+00   1.0060000e+02   4.6035000e-02   9.7700000e+00
   8.9445950e+00   6.4880200e+00   1.1580000e+02   2.3210000e-02   1.0870000e+01
   8.5217550e+00   6.5640300e+00   1.3060000e+02   2.9095000e-02   8.1400000e+00
   8.9064800e+00   7.0340050e+00   1.2880000e+02   2.0570000e-02   9.1600000e+00
   8.8265100e+00   7.7700150e+00   1.2860000e+02   2.0570000e-02   8.6100000e+00
   8.9080200e+00   8.1799850e+00   1.2400000e+02   2.0570000e-02   9.7700000e+00
   9.2554550e+00   3.7609550e+00   1.3120000e+02   2.4805000e-02   8.2300000e+00
   9.1678950e+00   5.3329100e+00   1.0000000e+02   3.7730000e-02   1.0010000e+01
   8.9980000e+00   6.8820950e+00   1.1560000e+02   2.3210000e-02   8.2400000e+00
   9.1784550e+00   7.2756200e+00   1.0000000e+02   3.4540000e-02   9.7300000e+00
   9.0761550e+00   7.8292500e+00   1.2400000e+02   2.3210000e-02   1.0940000e+01
   9.2510000e+00   1.0020230e+01   1.2040000e+02   2.9095000e-02   1.1420000e+01
   8.9304050e+00   1.0488500e+01   1.2120000e+02   1.6445000e-02   8.1800000e+00
   9.4087950e+00   8.8962500e-01   1.0600000e+02   2.4805000e-02   8.3000000e+00
   9.3966950e+00   2.1641950e+00   1.3460000e+02   5.2690000e-02   8.2800000e+00
   9.4009850e+00   3.2555050e+00   1.2500000e+02   2.0570000e-02   8.2100000e+00
   9.2559500e+00   7.0312000e+00   1.2400000e+02   1.9635000e-02   9.1500000e+00
   9.2891700e+00   5.2994700e+00   1.0720000e+02   3.6740000e-02   9.2700000e+00
   9.5406850e+00   5.5600600e+00   1.0820000e+02   2.1505000e-02   8.2400000e+00
   9.8040250e+00   1.3525050e+00   1.3440000e+02   2.0570000e-02   8.0400000e+00
   9.8505000e+00   7.0070000e+00   1.1620000e+02   2.7775000e-02   8.0500000e+00
   9.8523150e+00   9.0316050e+00   1.2040000e+02   1.8645000e-02   9.5300000e+00
   1.0138315e+01   1.4778500e-01   1.0220000e+02   2.4035000e-02   1.0920000e+01
   1.0040635e+01   4.1674050e+00   1.3440000e+02   1.6445000e-02   8.3000000e+00
   1.0094095e+01   8.5250000e+00   1.2040000e+02   1.6445000e-02   8.4700000e+00
   1.0273175e+01   1.2980000e+00   1.0720000e+02   3.2230000e-02   9.3200000e+00
   1.0211410e+01   2.7106200e+00   1.2900000e+02   3.7730000e-02   1.0490000e+01
   1.0264485e+01   3.3044000e+00   1.3360000e+02   2.4035000e-02   9.6500000e+00
   1.0014895e+01   5.0752900e+00   1.0600000e+02   1.8645000e-02   8.2400000e+00
   1.0464520e+01   6.6748000e-01   1.2480000e+02   2.9095000e-02   9.1800000e+00
   1.0385650e+01   3.0398500e+00   1.3200000e+02   1.9635000e-02   8.3200000e+00
   1.0390490e+01   4.6099900e+00   1.2320000e+02   2.0570000e-02   8.1700000e+00
   1.0637000e+01   5.0105000e+00   1.2380000e+02   2.2385000e-02   9.0200000e+00
   1.0653940e+01   8.0859350e+00   1.1780000e+02   2.1505000e-02   8.4900000e+00
   1.0598115e+01   8.4003150e+00   1.1880000e+02   2.4035000e-02   1.1110000e+01
   1.0593000e+01   9.0337500e+00   1.1940000e+02   2.4805000e-02   9.0700000e+00
   1.0622645e+01   9.3529700e+00   1.2120000e+02   2.2385000e-02   8.7200000e+00
   1.0705750e+01   9.6580000e+00   1.2000000e+02   2.1505000e-02   8.9200000e+00
