   1.7561500e-01   2.8317850e+00   1.0280000e+02   2.4035000e-02   8.8000000e+00
   2.7791500e-01   4.2741050e+00   1.3140000e+02   2.7060000e-02   8.6700000e+00
   5.3729500e-01   3.0935300e+00   1.0280000e+02   2.2385000e-02   8.0100000e+00
   6.4625000e-01   5.2525000e+00   1.2280000e+02   1.9635000e-02   9.1500000e+00
   4.6200000e-01   6.9592050e+00   1.2380000e+02   2.2385000e-02   8.5700000e+00
   6.4179500e-01   1.8397500e+00   1.3500000e+02   4.9665000e-02   9.1500000e+00
   9.7674500e-01   3.4637900e+00   1.2920000e+02   3.2230000e-02   8.1500000e+00
   7.0845500e-01   3.7255900e+00   1.3080000e+02   2.4805000e-02   1.0590000e+01
   8.1400000e-01   4.9390000e+00   1.2260000e+02   1.8645000e-02   8.2500000e+00
   8.2043500e-01   8.0771900e+00   1.2420000e+02   2.1505000e-02   8.7800000e+00
   8.5981500e-01   9.2271850e+00   1.2600000e+02   2.1505000e-02   9.5500000e+00
   1.0159600e+00   1.6518700e+00   1.3500000e+02   5.4120000e-02   8.2100000e+00
   9.2691500e-01   1.8527850e+00   1.0800000e+02   2.4035000e-02   1.0910000e+01
   9.3835500e-01   4.8050750e+00   1.1840000e+02   2.9755000e-02   1.0170000e+01
   9.9275000e-01   8.4142300e+00   1.2400000e+02   2.3210000e-02   9.3500000e+00
   1.0882850e+00   9.2390100e+00   1.0000000e+02   4.1635000e-02   9.1300000e+00
   1.0129350e+00   9.5150000e+00   1.2600000e+02   2.6345000e-02   9.9100000e+00
   1.3310000e+00   1.8095000e+00   1.0800000e+02   2.2385000e-02   8.9300000e+00
   1.2540000e+00   4.1019550e+00   1.1700000e+02   2.4805000e-02   1.0010000e+01
   1.1998800e+00   8.7392250e+00   1.2360000e+02   2.7060000e-02   9.6200000e+00
   1.3466750e+00   9.5405200e+00   1.0000000e+02   4.5210000e-02   9.3800000e+00
   1.4735600e+00   4.0640600e+00   1.2260000e+02   2.2385000e-02   1.0060000e+01
   1.0945000e+00   4.4469150e+00   1.1560000e+02   2.5575000e-02   8.0100000e+00
   1.4241150e+00   9.0141150e+00   1.1820000e+02   2.4035000e-02   9.6100000e+00
   1.4174050e+00   1.0043770e+01   1.2600000e+02   2.3210000e-02   8.4700000e+00
   1.7634100e+00   1.7760600e+00   1.0780000e+02   2.2385000e-02   9.2400000e+00
   1.7133600e+00   3.4642850e+00   1.1740000e+02   2.9755000e-02   1.1290000e+01
   1.7538400e+00   3.7998400e+00   1.2240000e+02   1.7545000e-02   9.5400000e+00
   1.5738250e+00   5.0380000e+00   1.1560000e+02   2.7775000e-02   8.0200000e+00
   1.6665000e+00   1.0275320e+01   1.2540000e+02   2.5575000e-02   8.3100000e+00
   1.9085000e+00   2.4502500e+00   1.0880000e+02   2.6345000e-02   1.2640000e+01
   1.9982050e+00   3.1779550e+00   1.1680000e+02   2.4805000e-02   1.0910000e+01
   1.8205000e+00   3.8487350e+00   1.0340000e+02   2.2385000e-02   8.8700000e+00
   1.9615200e+00   6.9165250e+00   1.3060000e+02   2.0570000e-02   9.1400000e+00
   1.9809900e+00   7.1930100e+00   1.3020000e+02   2.0570000e-02   9.0800000e+00
   1.9745000e+00   8.5429850e+00   1.1480000e+02   2.0570000e-02   8.7200000e+00
   1.8703850e+00   9.5817150e+00   1.1900000e+02   2.4035000e-02   9.0500000e+00
   1.9734000e+00   1.0081005e+01   1.0000000e+02   4.2075000e-02   9.1500000e+00
   2.1784950e+00   3.6319800e+00   1.0380000e+02   2.0570000e-02   8.0100000e+00
   2.0705300e+00   6.7967350e+00   1.1360000e+02   2.2385000e-02   8.4500000e+00
   2.0405000e+00   7.4552500e+00   1.3040000e+02   2.1505000e-02   1.0860000e+01
   2.1935650e+00   9.0140600e+00   1.0560000e+02   2.1505000e-02   8.7000000e+00
   2.1500050e+00   9.8469800e+00   1.1900000e+02   2.0570000e-02   9.4100000e+00
   2.3928850e+00   2.3122000e+00   1.0860000e+02   2.4035000e-02   1.0180000e+01
   2.0741050e+00   6.3446900e+00   1.3120000e+02   2.7060000e-02   9.2500000e+00
   2.3956350e+00   9.2855950e+00   1.1480000e+02   2.3210000e-02   1.0060000e+01
   2.3359600e+00   1.0318825e+01   1.0000000e+02   3.8775000e-02   8.5100000e+00
   2.2105050e+00   6.0480200e+00   1.3060000e+02   2.0570000e-02   9.8400000e+00
   2.4660900e+00   1.0091125e+01   1.1900000e+02   2.4805000e-02   1.1120000e+01
   2.6975300e+00   1.7481750e+00   1.0780000e+02   2.2385000e-02   9.6800000e+00
   2.7362500e+00   5.8146000e+00   1.1320000e+02   1.9635000e-02   8.0900000e+00
   2.6859800e+00   9.6140000e+00   1.1480000e+02   2.3210000e-02   1.0660000e+01
   2.7314100e+00   1.0530795e+01   1.0060000e+02   3.1625000e-02   8.5900000e+00
   2.9002050e+00   2.1919700e+00   1.0880000e+02   2.2385000e-02   9.4800000e+00
   2.9315000e+00   8.6746000e+00   1.1840000e+02   1.9635000e-02   8.6900000e+00
   3.0250000e+00   9.9110000e+00   1.1460000e+02   2.2385000e-02   1.2110000e+01
   3.1881850e+00   1.7532900e+00   1.0820000e+02   1.8645000e-02   8.3300000e+00
   3.2395000e+00   7.2435000e+00   1.1920000e+02   1.8645000e-02   1.0080000e+01
   3.2115050e+00   7.5864800e+00   1.1940000e+02   2.0570000e-02   1.0220000e+01
   3.3110000e+00   8.2637500e+00   1.1940000e+02   2.1505000e-02   1.0460000e+01
   3.2404350e+00   9.2299350e+00   1.1860000e+02   2.1505000e-02   9.4100000e+00
   3.4480600e+00   3.1271900e+00   1.0380000e+02   2.1505000e-02   9.2100000e+00
   3.4306250e+00   8.5834650e+00   1.1900000e+02   2.4805000e-02   8.8900000e+00
   3.8039100e+00   5.2774700e+00   1.2860000e+02   2.2385000e-02   1.2340000e+01
   3.5902350e+00   8.8778250e+00   1.1920000e+02   2.2385000e-02   1.1600000e+01
   3.9666000e+00   2.0243850e+00   1.0880000e+02   2.4035000e-02   1.0160000e+01
   3.9287050e+00   3.0144400e+00   1.0380000e+02   2.2385000e-02   8.0500000e+00
   4.0407950e+00   4.8040300e+00   1.1620000e+02   2.2385000e-02   8.8600000e+00
   4.0539950e+00   5.0360200e+00   1.2860000e+02   2.0570000e-02   1.0630000e+01
   4.0822650e+00   8.2314100e+00   1.0000000e+02   2.2385000e-02   9.5800000e+00
   4.3752500e+00   4.5567500e+00   1.3380000e+02   2.3210000e-02   9.9700000e+00
   4.3578150e+00   4.8264150e+00   1.2880000e+02   2.4035000e-02   1.1350000e+01
   4.2172350e+00   6.1337650e+00   1.1600000e+02   2.2385000e-02   1.1200000e+01
   4.3518200e+00   8.3529050e+00   1.0000000e+02   2.5575000e-02   8.9700000e+00
   4.5129700e+00   1.9753250e+00   1.0900000e+02   2.2385000e-02   9.7500000e+00
   4.8230050e+00   4.7267550e+00   1.0100000e+02   2.9095000e-02   9.3900000e+00
   4.4271700e+00   5.9714600e+00   1.1600000e+02   2.6345000e-02   8.6200000e+00
   4.6952950e+00   8.1940100e+00   1.0920000e+02   5.2305000e-02   8.0100000e+00
   4.7936350e+00   1.2677500e-01   1.0320000e+02   4.0205000e-02   8.2600000e+00
   4.7692700e+00   4.4986150e+00   1.3400000e+02   2.3210000e-02   8.0900000e+00
   4.6823150e+00   5.8362150e+00   1.1640000e+02   2.4035000e-02   8.1900000e+00
   4.8591400e+00   8.1818550e+00   1.0280000e+02   4.6420000e-02   9.0700000e+00
   4.7289000e+00   8.1908200e+00   1.0260000e+02   4.6035000e-02   1.0320000e+01
   5.0584600e+00   5.2421050e+00   1.0380000e+02   2.6345000e-02   1.3430000e+01
   4.9793150e+00   8.6295000e+00   1.0020000e+02   2.6345000e-02   1.0780000e+01
   4.8675000e+00   8.9750650e+00   1.0160000e+02   2.1505000e-02   1.0510000e+01
   5.1741250e+00   1.0789350e+00   1.3240000e+02   2.1505000e-02   8.6700000e+00
   5.1128000e+00   4.5298000e+00   1.2860000e+02   2.4035000e-02   1.1000000e+01
   5.2855000e+00   6.8227500e+00   1.0280000e+02   1.5180000e-02   9.6400000e+00
   5.1307300e+00   6.9193850e+00   1.0260000e+02   2.3210000e-02   1.0090000e+01
   5.1492100e+00   8.0859900e+00   1.0300000e+02   4.3450000e-02   1.0940000e+01
   5.1947500e+00   8.9457500e+00   1.0160000e+02   2.1505000e-02   1.0700000e+01
   5.1418950e+00   9.2033150e+00   1.2320000e+02   1.8645000e-02   8.1700000e+00
   5.4661750e+00   4.4395450e+00   1.0760000e+02   3.1625000e-02   1.3010000e+01
   5.2030000e+00   5.2085000e+00   1.0260000e+02   1.6445000e-02   8.3200000e+00
   5.3786700e+00   5.2204900e+00   1.0380000e+02   2.5575000e-02   1.1280000e+01
   5.3104700e+00   5.6975600e+00   1.1620000e+02   2.2385000e-02   9.2200000e+00
   5.4182150e+00   7.2057150e+00   1.0160000e+02   1.7545000e-02   1.1110000e+01
   5.2972700e+00   8.0017300e+00   1.0220000e+02   5.0435000e-02   1.0400000e+01
   5.2802750e+00   8.6564500e+00   1.0020000e+02   2.7775000e-02   1.1690000e+01
   5.6196250e+00   4.0464600e+00   1.0000000e+02   3.7235000e-02   1.2040000e+01
   5.7282500e+00   5.1110950e+00   1.0140000e+02   2.3210000e-02   1.2320000e+01
   5.5577500e+00   6.8695000e+00   1.0120000e+02   1.9635000e-02   9.2400000e+00
   5.5330000e+00   7.0425850e+00   1.0080000e+02   2.5575000e-02   1.0650000e+01
   5.6695100e+00   7.1619900e+00   1.0140000e+02   2.0570000e-02   1.1360000e+01
   5.6033450e+00   7.4489800e+00   1.0140000e+02   2.3210000e-02   1.0470000e+01
   5.6987150e+00   7.7194150e+00   1.0160000e+02   2.4035000e-02   1.1380000e+01
   5.4489050e+00   7.9007500e+00   1.0240000e+02   4.6420000e-02   1.2520000e+01
   5.6960750e+00   8.4748950e+00   1.0000000e+02   3.1625000e-02   9.5900000e+00
   5.8999050e+00   4.3393350e+00   1.0340000e+02   3.8280000e-02   8.0400000e+00
   5.7634500e+00   5.2692750e+00   1.0380000e+02   2.7775000e-02   1.1750000e+01
   5.8031050e+00   6.8328150e+00   1.0100000e+02   1.8645000e-02   1.0530000e+01
   5.7660350e+00   6.9893450e+00   1.0180000e+02   2.7060000e-02   1.2190000e+01
   5.9243800e+00   8.6167400e+00   1.0000000e+02   2.7060000e-02   9.8000000e+00
   6.1266150e+00   1.3013000e+00   1.0760000e+02   2.4035000e-02   9.1300000e+00
   6.2649400e+00   2.0655250e+00   1.1380000e+02   6.0500000e-02   8.0400000e+00
   6.2302900e+00   2.0673950e+00   1.1400000e+02   1.8645000e-02   8.1200000e+00
   6.0636400e+00   4.0320500e+00   1.0020000e+02   2.8435000e-02   1.1540000e+01
   6.0048450e+00   4.6549800e+00   1.3380000e+02   2.3210000e-02   9.9500000e+00
   6.0090250e+00   5.4895500e+00   1.0300000e+02   2.7775000e-02   1.0500000e+01
   6.0738150e+00   5.6381050e+00   1.0220000e+02   1.8645000e-02   9.8800000e+00
   5.8458400e+00   6.9183400e+00   1.0120000e+02   1.7545000e-02   9.7800000e+00
   5.9792150e+00   7.0723400e+00   1.0060000e+02   1.7545000e-02   8.9900000e+00
   6.0034700e+00   7.3213250e+00   1.0100000e+02   2.2385000e-02   1.0010000e+01
   6.2189050e+00   7.4548650e+00   1.0120000e+02   1.6445000e-02   9.3800000e+00
   6.2059800e+00   1.9299500e-01   1.2020000e+02   2.0570000e-02   8.2200000e+00
   6.2802300e+00   1.2524050e+00   1.3200000e+02   2.3210000e-02   8.4100000e+00
   6.3085000e+00   4.3287200e+00   1.0760000e+02   3.2835000e-02   8.9900000e+00
   6.0910850e+00   5.1912850e+00   1.0160000e+02   2.4035000e-02   9.7100000e+00
   6.1953100e+00   5.5157850e+00   1.0300000e+02   3.4540000e-02   8.3000000e+00
   6.4522150e+00   5.7922150e+00   1.0240000e+02   1.7545000e-02   1.0150000e+01
   6.2725850e+00   6.7747350e+00   1.0140000e+02   2.5575000e-02   1.1160000e+01
   6.3294000e+00   7.0620000e+00   1.0060000e+02   1.9635000e-02   1.0230000e+01
   6.3546450e+00   7.2744100e+00   1.0060000e+02   2.2385000e-02   1.0230000e+01
   6.0951000e+00   7.3975000e+00   1.0080000e+02   1.9635000e-02   9.6400000e+00
   5.8400100e+00   7.3635100e+00   1.0240000e+02   3.5640000e-02   8.3600000e+00
   6.2539950e+00   8.5465050e+00   1.0000000e+02   2.9095000e-02   1.0300000e+01
   6.4115150e+00   1.0813825e+01   1.0000000e+02   7.6010000e-02   8.4100000e+00
   6.5166750e+00   4.0776450e+00   1.0000000e+02   3.1625000e-02   1.1490000e+01
   6.3946850e+00   4.8138750e+00   1.3380000e+02   2.1505000e-02   8.7100000e+00
   6.4835100e+00   5.3414900e+00   1.0160000e+02   2.0570000e-02   1.1800000e+01
   6.4253750e+00   5.5490600e+00   1.0140000e+02   3.7235000e-02   1.1690000e+01
   6.5346050e+00   6.6141900e+00   1.0020000e+02   2.7060000e-02   1.1450000e+01
   6.6080300e+00   6.8695000e+00   1.0100000e+02   2.0570000e-02   8.8600000e+00
   6.4551850e+00   7.3475600e+00   1.0040000e+02   2.1505000e-02   1.0540000e+01
   6.5882300e+00   8.4447550e+00   1.0000000e+02   2.9095000e-02   1.1340000e+01
   6.8108150e+00   2.1640850e+00   1.1720000e+02   3.3990000e-02   1.0520000e+01
   6.6820600e+00   5.4468150e+00   1.0180000e+02   2.1505000e-02   1.1220000e+01
   6.5538000e+00   5.5734250e+00   1.0320000e+02   2.7775000e-02   1.1850000e+01
   6.7837000e+00   6.4207000e+00   1.0000000e+02   2.7775000e-02   1.2170000e+01
   6.8461250e+00   6.6385000e+00   1.0080000e+02   2.1505000e-02   1.0430000e+01
   6.7617000e+00   7.0257000e+00   1.0060000e+02   2.4035000e-02   1.0070000e+01
   6.7938750e+00   7.4653150e+00   1.0600000e+02   2.1505000e-02   1.2800000e+01
   6.6825000e+00   7.7275000e+00   1.0600000e+02   2.0570000e-02   1.1380000e+01
   6.7779800e+00   8.5694950e+00   1.2320000e+02   2.0570000e-02   8.9600000e+00
   6.8651550e+00   1.0671430e+01   1.2460000e+02   2.7060000e-02   8.7600000e+00
   6.6212300e+00   1.8090600e+00   1.2920000e+02   3.7235000e-02   8.3200000e+00
   6.9190000e+00   6.9135000e+00   1.0600000e+02   1.8645000e-02   1.1160000e+01
   6.9457850e+00   1.0636890e+01   1.0000000e+02   4.2570000e-02   1.0730000e+01
   6.9433100e+00   1.0664940e+01   1.0000000e+02   7.6505000e-02   9.8900000e+00
   7.1386700e+00   1.9602550e+00   1.3140000e+02   2.5575000e-02   8.6800000e+00
   7.1992800e+00   4.3307550e+00   1.0660000e+02   2.9095000e-02   1.1200000e+01
   7.0500100e+00   6.9010150e+00   1.0000000e+02   2.0570000e-02   9.1900000e+00
   7.1851450e+00   7.0861450e+00   1.0040000e+02   2.2385000e-02   9.0100000e+00
   7.1830000e+00   7.3727500e+00   1.0100000e+02   1.7545000e-02   8.3700000e+00
   7.3547100e+00   1.5589200e+00   1.3060000e+02   2.6345000e-02   8.7700000e+00
   7.3503100e+00   2.2861850e+00   1.1660000e+02   3.5640000e-02   1.0860000e+01
   7.4020100e+00   4.3412600e+00   1.0000000e+02   3.8280000e-02   1.1470000e+01
   7.6890000e+00   6.5807500e+00   1.0200000e+02   1.2430000e-02   8.7300000e+00
   7.4091600e+00   6.8264900e+00   1.0020000e+02   2.5575000e-02   9.4400000e+00
   7.3397500e+00   1.0504175e+01   1.2460000e+02   3.6190000e-02   9.0800000e+00
   7.5809250e+00   5.2541500e-01   1.1540000e+02   2.5575000e-02   9.2900000e+00
   7.6578150e+00   2.1505000e+00   1.3140000e+02   3.0415000e-02   9.2900000e+00
   7.7178750e+00   6.5787150e+00   1.0000000e+02   3.0415000e-02   1.2560000e+01
   7.5271350e+00   6.8761550e+00   1.0020000e+02   2.3210000e-02   1.0200000e+01
   7.5939050e+00   8.4583400e+00   1.3480000e+02   2.5575000e-02   9.3600000e+00
   7.6010000e+00   8.8302500e+00   1.0800000e+02   1.9635000e-02   8.5200000e+00
   7.8726450e+00   1.7441600e+00   1.3040000e+02   3.1625000e-02   8.8600000e+00
   7.6478050e+00   4.3785500e+00   1.0740000e+02   3.8775000e-02   1.0330000e+01
   7.8122000e+00   4.5625250e+00   1.0000000e+02   2.7775000e-02   9.7600000e+00
   7.8806750e+00   6.3317650e+00   1.3480000e+02   2.2385000e-02   9.2700000e+00
   7.8347500e+00   6.6220000e+00   1.0000000e+02   1.7545000e-02   8.4800000e+00
   7.9310000e+00   7.9062500e+00   1.0920000e+02   1.7545000e-02   8.0400000e+00
   7.7550000e+00   8.0520000e+00   1.3500000e+02   2.2385000e-02   9.5200000e+00
   7.7852500e+00   1.0271745e+01   1.2280000e+02   4.1195000e-02   1.0350000e+01
   8.1810300e+00   6.4754800e+00   1.0060000e+02   2.0570000e-02   9.5300000e+00
   7.9592150e+00   8.2273400e+00   1.0920000e+02   1.7545000e-02   8.3300000e+00
   8.2629250e+00   1.8942550e+00   1.0700000e+02   2.5575000e-02   8.3000000e+00
   8.3950350e+00   2.6428600e+00   1.1660000e+02   3.2230000e-02   1.1550000e+01
   8.2952650e+00   3.0275300e+00   1.2340000e+02   2.9095000e-02   9.1000000e+00
   8.5638850e+00   4.0351850e+00   1.0300000e+02   2.4035000e-02   8.2600000e+00
   8.5687250e+00   8.3482850e+00   1.0400000e+02   3.8280000e-02   1.0590000e+01
   8.3430600e+00   8.7716750e+00   1.0380000e+02   3.8775000e-02   9.4200000e+00
   8.4495400e+00   1.0775105e+01   1.1480000e+02   3.7235000e-02   8.7300000e+00
   8.7670000e+00   2.0937950e+00   1.0760000e+02   2.2385000e-02   8.1400000e+00
   8.6268600e+00   2.6230050e+00   1.3120000e+02   2.8435000e-02   1.0520000e+01
   8.6884050e+00   6.7402500e+00   1.1680000e+02   2.3210000e-02   1.1970000e+01
   8.8199100e+00   7.1466450e+00   1.1700000e+02   2.2385000e-02   1.0970000e+01
   8.7749750e+00   1.0489435e+01   1.1420000e+02   3.3440000e-02   1.0010000e+01
   8.8888250e+00   2.8684700e+00   1.1660000e+02   3.8775000e-02   9.7700000e+00
   8.8553300e+00   5.7319900e+00   1.1260000e+02   3.6190000e-02   1.1820000e+01
   9.0935900e+00   6.1981150e+00   1.1260000e+02   3.3440000e-02   1.0400000e+01
   8.9797400e+00   6.5272900e+00   1.0340000e+02   3.9270000e-02   1.1560000e+01
   8.9538350e+00   6.9864850e+00   1.0400000e+02   3.3990000e-02   1.0080000e+01
   8.8768350e+00   7.4481550e+00   1.0420000e+02   3.6190000e-02   9.4000000e+00
   8.8990000e+00   7.5625000e+00   1.1700000e+02   1.8645000e-02   1.0440000e+01
   8.8997700e+00   8.3871150e+00   1.1740000e+02   2.3210000e-02   1.1070000e+01
   8.8242000e+00   8.7802000e+00   1.1700000e+02   2.4035000e-02   1.0290000e+01
   9.1211450e+00   4.6124100e+00   1.2420000e+02   2.2385000e-02   8.1000000e+00
   9.1416050e+00   5.9923600e+00   1.0160000e+02   3.2230000e-02   1.2310000e+01
   9.2161850e+00   6.9135000e+00   1.0120000e+02   2.6345000e-02   1.0440000e+01
   9.0506900e+00   7.8436050e+00   1.0160000e+02   2.7060000e-02   1.2050000e+01
   9.5722550e+00   9.4659950e+00   1.1640000e+02   3.5090000e-02   9.1800000e+00
   9.2826800e+00   7.4184000e-01   1.1460000e+02   3.1020000e-02   9.3000000e+00
   9.4064300e+00   1.2024650e+00   1.0000000e+02   2.7060000e-02   8.5500000e+00
   9.4417400e+00   2.3951950e+00   1.0600000e+02   3.7730000e-02   1.0850000e+01
   9.2083750e+00   6.4494650e+00   1.0120000e+02   3.0415000e-02   1.0710000e+01
   9.2840000e+00   6.6890450e+00   1.1220000e+02   4.0205000e-02   1.0000000e+01
   9.4902500e+00   7.7550000e+00   1.1540000e+02   8.8000000e-03   8.8000000e+00
   9.3504950e+00   8.6204800e+00   1.1920000e+02   2.0570000e-02   8.0300000e+00
   9.3463150e+00   9.8289400e+00   1.1380000e+02   3.0415000e-02   1.1660000e+01
   9.4811200e+00   1.8581200e+00   1.0120000e+02   2.7060000e-02   1.0600000e+01
   9.1737250e+00   5.9807550e+00   1.0640000e+02   3.7730000e-02   8.0300000e+00
   9.5179700e+00   7.7353650e+00   1.1280000e+02   3.6740000e-02   1.1560000e+01
   9.5578450e+00   8.2709550e+00   1.1300000e+02   4.0205000e-02   1.1190000e+01
   9.7768000e+00   9.0784650e+00   1.1900000e+02   5.9840000e-02   8.6300000e+00
   9.7004600e+00   8.2835500e-01   1.1600000e+02   2.6345000e-02   8.5300000e+00
   9.8277300e+00   2.5654750e+00   1.0520000e+02   3.3440000e-02   8.7700000e+00
   9.9072600e+00   4.3108450e+00   1.2360000e+02   2.7060000e-02   8.2200000e+00
   9.9059950e+00   6.6523600e+00   1.3460000e+02   2.9755000e-02   1.1070000e+01
   9.8659000e+00   7.1005000e+00   1.3480000e+02   2.7775000e-02   8.8500000e+00
   9.7851050e+00   7.5539200e+00   1.3480000e+02   2.6345000e-02   9.3800000e+00
   9.8241000e+00   8.3765000e+00   1.1880000e+02   1.9635000e-02   9.1300000e+00
   1.0255245e+01   1.7762250e+00   1.0040000e+02   3.8775000e-02   8.0800000e+00
   9.9302500e+00   2.0884050e+00   1.0160000e+02   2.3210000e-02   1.0290000e+01
   9.7861500e+00   9.0458500e+00   1.1160000e+02   1.9635000e-02   9.9300000e+00
   1.0195680e+01   2.7649050e+00   1.0540000e+02   4.0205000e-02   8.0600000e+00
   1.0359250e+01   2.3292500e+00   1.0060000e+02   3.0415000e-02   9.2200000e+00
   1.0802495e+01   9.6214800e+00   1.1760000e+02   2.0570000e-02   8.6900000e+00
