   1.5400000e-01   6.1710000e+00   1.0280000e+02   1.6445000e-02   8.0500000e+00
   1.6005000e-01   6.2449750e+00   1.1700000e+02   2.7775000e-02   8.7000000e+00
   1.2435500e-01   9.7804850e+00   1.1700000e+02   3.5640000e-02   8.9100000e+00
   1.1583000e-01   1.0063295e+01   1.0000000e+02   4.5595000e-02   1.0560000e+01
   2.1076000e-01   1.0364750e+00   1.0520000e+02   4.2570000e-02   8.4700000e+00
   4.4929500e-01   8.4480000e+00   1.0800000e+02   2.2385000e-02   8.5500000e+00
   8.8495000e-02   1.0067585e+01   1.0800000e+02   6.5120000e-02   8.0900000e+00
   3.8511000e-01   1.0054825e+01   1.1820000e+02   6.2370000e-02   8.3000000e+00
   5.6776500e-01   8.3897000e-01   1.0500000e+02   4.3010000e-02   9.7000000e+00
   5.7992000e-01   1.0030900e+00   1.2320000e+02   2.4805000e-02   8.3800000e+00
   7.0317500e-01   5.1095000e+00   1.1300000e+02   2.2385000e-02   8.3700000e+00
   6.4465500e-01   5.2933100e+00   1.3500000e+02   2.7060000e-02   1.0020000e+01
   5.4829500e-01   5.5775500e+00   1.3500000e+02   3.3440000e-02   9.6400000e+00
   6.1468000e-01   7.6784950e+00   1.2560000e+02   3.5640000e-02   1.0020000e+01
   4.6662000e-01   8.7943350e+00   1.0000000e+02   3.7730000e-02   8.6500000e+00
   6.0659500e-01   8.3523000e-01   1.0200000e+02   1.6445000e-02   8.0700000e+00
   7.7379500e-01   5.0211700e+00   1.3500000e+02   2.4805000e-02   8.2500000e+00
   7.7033000e-01   6.0108400e+00   1.2540000e+02   2.4805000e-02   8.5300000e+00
   6.7413500e-01   6.4106350e+00   1.2500000e+02   2.8435000e-02   9.5800000e+00
   5.7684000e-01   7.2469650e+00   1.2720000e+02   4.3450000e-02   8.3200000e+00
   6.9168000e-01   8.1041400e+00   1.2560000e+02   3.1020000e-02   1.0810000e+01
   6.8601500e-01   9.1152600e+00   1.0060000e+02   4.1195000e-02   8.4100000e+00
   4.1789000e-01   1.0055815e+01   1.1380000e+02   4.8070000e-02   8.3900000e+00
   9.4105000e-01   6.6962500e-01   1.0540000e+02   5.1205000e-02   8.4200000e+00
   9.1778500e-01   1.0640850e+00   1.2440000e+02   2.4035000e-02   8.6000000e+00
   1.2067000e+00   6.9786750e+00   1.2920000e+02   2.7775000e-02   8.1100000e+00
   1.2836450e+00   1.1296450e+00   1.2440000e+02   2.2385000e-02   8.8100000e+00
   1.3200000e+00   2.8875000e+00   1.1440000e+02   2.5575000e-02   8.0800000e+00
   1.1300300e+00   4.5235300e+00   1.3500000e+02   2.9095000e-02   8.4800000e+00
   1.3020700e+00   6.5661200e+00   1.2940000e+02   2.7060000e-02   9.1700000e+00
   1.2313400e+00   9.6916600e+00   1.0000000e+02   4.0700000e-02   1.1900000e+01
   1.3701050e+00   4.2939600e+00   1.3480000e+02   2.6345000e-02   8.2800000e+00
   1.4762000e+00   6.0797000e+00   1.1780000e+02   2.4035000e-02   1.2240000e+01
   1.4850000e+00   6.3745000e+00   1.1760000e+02   2.8435000e-02   1.2710000e+01
   1.5537500e+00   9.9412500e+00   1.0000000e+02   3.5090000e-02   1.2090000e+01
   1.7050000e+00   2.6996750e+00   1.1440000e+02   2.2385000e-02   8.5500000e+00
   1.6830000e+00   5.2360000e+00   1.1740000e+02   2.2385000e-02   1.0470000e+01
   1.8227550e+00   4.9700750e+00   1.1780000e+02   2.5575000e-02   8.0600000e+00
   1.5165150e+00   5.7911150e+00   1.1660000e+02   3.3990000e-02   9.1400000e+00
   1.9093800e+00   1.0155750e+01   1.0000000e+02   3.5090000e-02   1.1070000e+01
   2.0633250e+00   1.2705000e+00   1.2440000e+02   2.7775000e-02   8.7400000e+00
   2.1192050e+00   2.5245000e+00   1.1460000e+02   2.2385000e-02   8.9800000e+00
   2.1525350e+00   3.2600700e+00   1.0880000e+02   2.7060000e-02   1.2130000e+01
   2.3482250e+00   5.6663200e+00   1.0600000e+02   2.8435000e-02   1.0740000e+01
   2.4195600e+00   6.8566850e+00   1.2080000e+02   2.1505000e-02   1.0800000e+01
   2.3827100e+00   7.1273950e+00   1.2060000e+02   1.8645000e-02   9.7700000e+00
   2.6669500e+00   3.0687250e+00   1.0860000e+02   2.7060000e-02   1.0590000e+01
   2.6366450e+00   5.4533600e+00   1.0620000e+02   2.9755000e-02   9.5700000e+00
   2.4946900e+00   6.5738750e+00   1.2060000e+02   2.1505000e-02   1.0160000e+01
   2.8202350e+00   4.6322650e+00   1.0700000e+02   2.2385000e-02   9.4100000e+00
   2.7511000e+00   5.9900500e+00   1.2100000e+02   1.9635000e-02   8.0600000e+00
   2.7857500e+00   8.2955950e+00   1.2700000e+02   2.3210000e-02   8.0800000e+00
   3.0742250e+00   3.4579050e+00   1.3500000e+02   2.8435000e-02   1.2360000e+01
   3.1501250e+00   4.3797050e+00   1.0700000e+02   2.4805000e-02   1.0440000e+01
   2.9778100e+00   5.2571200e+00   1.0600000e+02   2.7060000e-02   9.2500000e+00
   3.2139250e+00   2.9153300e+00   1.0840000e+02   2.5575000e-02   1.1350000e+01
   3.2530300e+00   4.9590750e+00   1.0000000e+02   6.2370000e-02   1.1010000e+01
   3.0874800e+00   8.5859950e+00   1.2320000e+02   2.0570000e-02   8.6600000e+00
   3.2099650e+00   8.9003750e+00   1.2320000e+02   2.4805000e-02   1.0450000e+01
   3.5225300e+00   4.1644900e+00   1.0700000e+02   2.0570000e-02   9.7600000e+00
   3.5036650e+00   3.2968100e+00   1.3360000e+02   3.7235000e-02   9.1700000e+00
   3.6095400e+00   4.7728450e+00   1.0000000e+02   6.2700000e-02   1.1190000e+01
   3.2945000e+00   4.9690850e+00   1.0220000e+02   3.5090000e-02   8.7200000e+00
   3.7392850e+00   6.7105500e+00   1.0420000e+02   3.3990000e-02   1.0280000e+01
   3.6847250e+00   6.9129500e+00   1.0240000e+02   2.7775000e-02   1.1870000e+01
   3.9054400e+00   7.4671850e+00   1.3300000e+02   2.1505000e-02   8.1000000e+00
   3.6059100e+00   9.4680300e+00   1.2320000e+02   2.2385000e-02   1.1410000e+01
   3.9615400e+00   3.1658550e+00   1.3500000e+02   2.6345000e-02   1.2610000e+01
   3.8239300e+00   4.9488450e+00   1.0580000e+02   2.7060000e-02   9.2000000e+00
   3.7715700e+00   7.3296850e+00   1.0360000e+02   4.2075000e-02   1.2100000e+01
   3.9147900e+00   7.5121750e+00   1.0400000e+02   3.2230000e-02   1.3490000e+01
   3.8720000e+00   9.7065650e+00   1.2280000e+02   2.1505000e-02   1.1300000e+01
   4.0074650e+00   4.6357850e+00   1.0000000e+02   6.0170000e-02   1.0700000e+01
   4.2597500e+00   6.5135950e+00   1.0360000e+02   2.3210000e-02   1.0730000e+01
   4.2193800e+00   6.8993100e+00   1.0320000e+02   2.7060000e-02   8.2400000e+00
   4.0528400e+00   7.0778400e+00   1.0340000e+02   1.7545000e-02   1.1210000e+01
   4.1142750e+00   7.6664500e+00   1.0400000e+02   2.7775000e-02   1.3370000e+01
   4.1240100e+00   7.8109900e+00   1.1160000e+02   2.0570000e-02   9.4000000e+00
   4.0737950e+00   7.7524700e+00   1.3300000e+02   2.2385000e-02   8.3100000e+00
   4.1734000e+00   9.9165000e+00   1.2260000e+02   1.9635000e-02   1.1280000e+01
   4.2102500e+00   1.1440000e+00   1.2260000e+02   2.1505000e-02   8.1400000e+00
   4.4035200e+00   2.7287700e+00   1.0820000e+02   2.3210000e-02   1.1200000e+01
   4.3870200e+00   3.8437300e+00   1.0660000e+02   2.3210000e-02   8.4800000e+00
   4.4220000e+00   5.9812500e+00   1.0780000e+02   2.1505000e-02   8.4600000e+00
   4.4179850e+00   6.3814850e+00   1.0200000e+02   2.0570000e-02   1.0460000e+01
   4.2009550e+00   7.0063400e+00   1.0320000e+02   4.0205000e-02   8.7600000e+00
   4.2507850e+00   7.1965850e+00   1.0300000e+02   2.4035000e-02   8.6400000e+00
   4.3890000e+00   8.3985000e+00   1.1100000e+02   1.8645000e-02   1.2740000e+01
   4.8012250e+00   4.5032900e+00   1.1760000e+02   4.8070000e-02   8.2400000e+00
   4.4529650e+00   4.7116850e+00   1.0980000e+02   3.0415000e-02   1.0960000e+01
   4.8041400e+00   5.7607550e+00   1.0780000e+02   4.9665000e-02   8.2600000e+00
   4.5463000e+00   6.2455250e+00   1.0280000e+02   5.3020000e-02   1.1970000e+01
   4.5055450e+00   6.4682750e+00   1.0240000e+02   6.2975000e-02   9.8600000e+00
   4.5940950e+00   6.7842500e+00   1.0280000e+02   2.3210000e-02   1.1730000e+01
   4.3611150e+00   6.9322000e+00   1.0260000e+02   2.4035000e-02   9.0300000e+00
   4.4950950e+00   7.1527500e+00   1.0240000e+02   2.3210000e-02   1.1720000e+01
   4.2825750e+00   8.2000050e+00   1.0900000e+02   2.9755000e-02   8.0300000e+00
   4.5506450e+00   8.5601450e+00   1.1100000e+02   2.2385000e-02   1.2660000e+01
   4.6503600e+00   2.1190950e+00   1.2880000e+02   2.8435000e-02   8.0500000e+00
   4.9376250e+00   2.9940900e+00   1.3500000e+02   2.4805000e-02   9.6700000e+00
   4.7871450e+00   4.4295350e+00   1.1360000e+02   4.4330000e-02   8.5100000e+00
   4.9870700e+00   5.6059300e+00   1.2960000e+02   2.9755000e-02   8.3600000e+00
   4.6561350e+00   6.0237100e+00   1.0280000e+02   5.0820000e-02   1.1480000e+01
   4.7712500e+00   6.8942500e+00   1.1820000e+02   1.9635000e-02   1.0120000e+01
   4.6235750e+00   7.2270000e+00   1.0220000e+02   2.5575000e-02   1.1210000e+01
   4.7905000e+00   7.2627500e+00   1.0200000e+02   2.4805000e-02   1.0640000e+01
   5.0252950e+00   2.6924700e+00   1.0840000e+02   2.2385000e-02   8.7500000e+00
   5.0321150e+00   3.6746600e+00   1.0940000e+02   4.0205000e-02   1.2490000e+01
   5.1287500e+00   4.1690000e+00   1.2280000e+02   2.4805000e-02   8.9800000e+00
   4.8737700e+00   4.5447050e+00   1.0000000e+02   5.9180000e-02   1.0240000e+01
   5.0644000e+00   5.5828850e+00   1.1200000e+02   2.4035000e-02   1.2510000e+01
   4.9312450e+00   5.6796850e+00   1.1200000e+02   4.4330000e-02   8.1700000e+00
   4.9618800e+00   6.1663800e+00   1.0340000e+02   2.7060000e-02   1.0780000e+01
   4.9464250e+00   6.3884150e+00   1.0200000e+02   2.5575000e-02   8.7100000e+00
   4.8114000e+00   6.6220000e+00   1.1820000e+02   1.9635000e-02   9.5800000e+00
   5.0187500e+00   7.2187500e+00   1.0160000e+02   2.1505000e-02   1.1990000e+01
   5.1603200e+00   8.6157500e-01   1.1860000e+02   2.5575000e-02   8.5400000e+00
   5.1592200e+00   2.0792200e+00   1.2780000e+02   2.9755000e-02   8.4500000e+00
   5.1680200e+00   4.2422600e+00   1.0920000e+02   2.9095000e-02   1.1840000e+01
   5.3240000e+00   4.5843050e+00   1.0000000e+02   6.4790000e-02   9.4200000e+00
   5.0629150e+00   5.6771000e+00   1.0000000e+02   4.9665000e-02   9.0600000e+00
   5.0685800e+00   5.6108250e+00   1.1160000e+02   4.3010000e-02   1.0990000e+01
   5.0092900e+00   6.4212500e+00   1.0320000e+02   2.6345000e-02   1.0770000e+01
   5.4422500e+00   2.9492100e+00   1.3500000e+02   2.6345000e-02   9.3400000e+00
   5.5443300e+00   3.6020050e+00   1.0840000e+02   3.5090000e-02   1.2740000e+01
   5.4210750e+00   5.4987350e+00   1.1200000e+02   4.6860000e-02   1.1360000e+01
   5.7087250e+00   8.8462000e-01   1.1760000e+02   2.7060000e-02   9.5000000e+00
   5.6269950e+00   1.5275700e+00   1.3000000e+02   2.9755000e-02   9.4200000e+00
   5.6504800e+00   4.2852700e+00   1.2260000e+02   2.3210000e-02   9.9800000e+00
   5.6340900e+00   5.4652950e+00   1.1220000e+02   4.8455000e-02   1.0550000e+01
   5.8366000e+00   1.9470000e+00   1.0000000e+02   1.9635000e-02   8.1200000e+00
   5.5611050e+00   3.5714800e+00   1.1360000e+02   3.2835000e-02   8.6400000e+00
   6.0724950e+00   9.5374950e+00   1.3440000e+02   4.2570000e-02   8.5900000e+00
   6.1497700e+00   1.5220150e+00   1.2940000e+02   2.9095000e-02   8.6800000e+00
   6.1035700e+00   1.4566200e+00   1.2540000e+02   2.7060000e-02   8.4800000e+00
   6.0492850e+00   3.9493850e+00   1.0900000e+02   2.4035000e-02   1.0710000e+01
   6.0603950e+00   9.6073450e+00   1.3500000e+02   8.1840000e-02   8.0200000e+00
   6.2557000e+00   9.1217500e-01   1.1860000e+02   2.7775000e-02   9.5100000e+00
   6.3437000e+00   3.0984250e+00   1.2380000e+02   2.7775000e-02   1.0090000e+01
   6.1771600e+00   4.4527450e+00   1.2260000e+02   2.5575000e-02   8.1800000e+00
   6.0674350e+00   3.5753850e+00   1.0660000e+02   3.9765000e-02   8.6300000e+00
   6.5391700e+00   3.8851450e+00   1.0860000e+02   2.6345000e-02   8.3900000e+00
   6.3917700e+00   8.9405250e+00   1.3320000e+02   2.9095000e-02   8.2500000e+00
   6.5021550e+00   9.4073100e+00   1.3220000e+02   2.7060000e-02   8.6200000e+00
   6.5134300e+00   9.4524650e+00   1.3500000e+02   5.5495000e-02   8.0900000e+00
   6.6712800e+00   1.5445100e+00   1.2980000e+02   3.2835000e-02   8.9900000e+00
   6.7888150e+00   8.9691250e+00   1.3300000e+02   2.1505000e-02   8.3800000e+00
   6.8559150e+00   9.3063850e+00   1.3160000e+02   2.4035000e-02   9.3700000e+00
   6.8544850e+00   2.8517500e+00   1.2260000e+02   2.9095000e-02   8.2000000e+00
   6.8673550e+00   3.0818150e+00   1.2340000e+02   2.6345000e-02   1.0660000e+01
   6.9608550e+00   9.2676100e+00   1.3500000e+02   5.6540000e-02   8.2300000e+00
   6.9171300e+00   9.3864100e+00   1.3500000e+02   4.6035000e-02   8.4000000e+00
   7.0879050e+00   3.6607450e+00   1.0800000e+02   2.5575000e-02   8.3900000e+00
   7.1751900e+00   4.9225000e+00   1.2240000e+02   2.1505000e-02   9.2400000e+00
   6.9513400e+00   9.3038000e+00   1.3500000e+02   3.1020000e-02   9.0200000e+00
   7.3414000e+00   1.0697500e+00   1.1780000e+02   1.9635000e-02   8.3100000e+00
   7.4894050e+00   1.4645950e+00   1.1000000e+02   2.8435000e-02   9.1000000e+00
   7.3829250e+00   3.0932000e+00   1.2340000e+02   2.7775000e-02   1.0250000e+01
   7.5375300e+00   6.4562300e+00   1.0560000e+02   2.9095000e-02   1.4610000e+01
   7.5436350e+00   6.8135650e+00   1.0000000e+02   5.1535000e-02   8.1100000e+00
   7.6034200e+00   6.8087800e+00   1.0000000e+02   4.3890000e-02   8.1700000e+00
   7.3755000e+00   7.8375000e+00   1.0600000e+02   2.5575000e-02   1.0440000e+01
   7.4515650e+00   6.1045600e+00   1.0560000e+02   3.0415000e-02   1.2480000e+01
   7.5714100e+00   6.8142250e+00   1.0560000e+02   2.8435000e-02   1.3770000e+01
   7.4906700e+00   7.5097550e+00   1.0580000e+02   2.5575000e-02   1.2050000e+01
   7.6175000e+00   8.7945000e+00   1.3260000e+02   2.5575000e-02   8.9900000e+00
   7.6351000e+00   1.0174450e+01   1.2060000e+02   1.9635000e-02   9.5300000e+00
   7.8722600e+00   1.1909150e+00   1.1800000e+02   2.7060000e-02   8.3900000e+00
   7.7149600e+00   1.6716700e+00   1.2860000e+02   2.6345000e-02   8.3700000e+00
   7.8316150e+00   3.1141000e+00   1.2180000e+02   2.4035000e-02   8.4900000e+00
   7.8624150e+00   4.1197750e+00   1.2800000e+02   2.7060000e-02   1.0010000e+01
   7.8529000e+00   6.8255000e+00   1.1520000e+02   1.9635000e-02   8.2500000e+00
   7.8017500e+00   8.2536850e+00   1.0420000e+02   2.1505000e-02   8.0100000e+00
   7.7506000e+00   9.2334000e+00   1.3140000e+02   2.7775000e-02   9.0500000e+00
   8.0568400e+00   1.6149650e+00   1.1000000e+02   2.4805000e-02   8.6700000e+00
   8.4338100e+00   6.8704350e+00   1.0760000e+02   2.1505000e-02   9.4000000e+00
   8.1050200e+00   8.2789850e+00   1.0780000e+02   2.0570000e-02   8.0200000e+00
   8.0135000e+00   8.5997450e+00   1.3280000e+02   2.5575000e-02   9.5000000e+00
   8.0253250e+00   9.9372350e+00   1.2060000e+02   2.2385000e-02   1.0550000e+01
   8.3380000e+00   2.0845000e+00   1.1640000e+02   2.7060000e-02   9.1200000e+00
   8.2782150e+00   4.2777900e+00   1.2780000e+02   2.9755000e-02   1.0500000e+01
   8.4323250e+00   7.2422350e+00   1.0740000e+02   2.2385000e-02   8.2100000e+00
   8.1033150e+00   7.7623150e+00   1.0400000e+02   2.1505000e-02   8.6400000e+00
   8.1772350e+00   9.0763200e+00   1.3080000e+02   2.5575000e-02   9.9700000e+00
   8.1685450e+00   9.7321400e+00   1.3060000e+02   2.8435000e-02   8.1200000e+00
   8.3908550e+00   3.2242100e+00   1.2200000e+02   2.9755000e-02   8.0600000e+00
   8.3755100e+00   7.5985250e+00   1.0740000e+02   2.0570000e-02   8.5300000e+00
   8.3796900e+00   8.3403100e+00   1.3240000e+02   2.1505000e-02   1.0170000e+01
   8.5812100e+00   8.8432850e+00   1.3100000e+02   2.9755000e-02   1.0050000e+01
   8.5332500e+00   9.4407500e+00   1.3020000e+02   2.9095000e-02   9.7800000e+00
   8.3882700e+00   9.6631150e+00   1.2020000e+02   2.3210000e-02   1.0610000e+01
   8.6028250e+00   1.8069700e+00   1.0960000e+02   2.2385000e-02   8.0900000e+00
   8.8150700e+00   2.2330000e+00   1.1720000e+02   2.9755000e-02   8.1400000e+00
   8.6744350e+00   4.4717200e+00   1.2780000e+02   2.9755000e-02   1.0450000e+01
   9.0630100e+00   8.5390250e+00   1.2500000e+02   2.0570000e-02   9.6000000e+00
   8.8114400e+00   9.3792050e+00   1.2460000e+02   2.2385000e-02   8.2100000e+00
   8.8905300e+00   1.0108560e+01   1.1040000e+02   2.2385000e-02   9.0400000e+00
   9.0338600e+00   1.0297100e+01   1.3480000e+02   3.1020000e-02   8.6600000e+00
   9.1810950e+00   1.1025300e+00   1.0000000e+02   5.1535000e-02   8.2200000e+00
   9.1275250e+00   8.7078750e+00   1.3000000e+02   2.7775000e-02   1.2070000e+01
   8.9134100e+00   9.0030600e+00   1.0560000e+02   2.2385000e-02   1.0890000e+01
   9.2671150e+00   9.7551850e+00   1.1060000e+02   2.4035000e-02   9.1500000e+00
   9.4032950e+00   8.1300450e+00   1.0520000e+02   2.4805000e-02   1.0150000e+01
   9.3399900e+00   8.2930100e+00   1.2920000e+02   2.9095000e-02   1.0880000e+01
   9.6198300e+00   2.2785950e+00   1.1000000e+02   2.5575000e-02   8.0200000e+00
   9.5730800e+00   7.6563300e+00   1.0480000e+02   2.4805000e-02   1.0780000e+01
   9.4955300e+00   7.8340900e+00   1.3000000e+02   3.0415000e-02   1.1800000e+01
   9.6758200e+00   9.9854150e+00   1.3440000e+02   2.5575000e-02   1.0030000e+01
   9.6978750e+00   2.6372500e+00   1.1620000e+02   2.7775000e-02   8.3500000e+00
   9.3830000e+00   4.9674350e+00   1.2720000e+02   3.3440000e-02   8.8000000e+00
   9.6901200e+00   5.2522250e+00   1.2720000e+02   2.7060000e-02   8.0100000e+00
   9.7075000e+00   5.7030600e+00   1.3380000e+02   2.1505000e-02   8.1500000e+00
   9.8587500e+00   6.0777750e+00   1.3400000e+02   2.7775000e-02   9.0200000e+00
   9.9639100e+00   6.4701450e+00   1.3420000e+02   2.2385000e-02   8.5400000e+00
   9.6935300e+00   7.1737050e+00   1.0520000e+02   2.2385000e-02   1.0550000e+01
   9.8046300e+00   8.2033600e+00   1.0000000e+02   4.1195000e-02   8.0200000e+00
   1.0023860e+01   7.2875000e+00   1.3340000e+02   3.5640000e-02   8.0800000e+00
   9.9927850e+00   9.7676150e+00   1.3440000e+02   2.4035000e-02   9.6900000e+00
   1.0210035e+01   5.2987550e+00   1.3220000e+02   3.2230000e-02   8.4500000e+00
   1.0382295e+01   6.2236900e+00   1.0000000e+02   3.1625000e-02   8.3000000e+00
   1.0293910e+01   6.7192400e+00   1.0000000e+02   3.6190000e-02   9.3500000e+00
   1.0165375e+01   7.2146250e+00   1.0000000e+02   4.1195000e-02   8.0300000e+00
   1.0298530e+01   9.4884900e+00   1.3500000e+02   2.0570000e-02   8.0200000e+00
   1.0492625e+01   4.5819400e+00   1.2700000e+02   2.1505000e-02   9.5000000e+00
   1.0410290e+01   5.7392500e+00   1.3280000e+02   2.6345000e-02   9.1000000e+00
   1.0809040e+01   4.0324350e+00   1.2940000e+02   3.3440000e-02   8.0100000e+00
   1.0653995e+01   4.3029800e+00   1.2680000e+02   2.0570000e-02   9.3800000e+00
   1.0569185e+01   6.2026250e+00   1.3420000e+02   2.1505000e-02   8.5800000e+00
   1.0697500e+01   7.9745050e+00   1.0000000e+02   2.9095000e-02   8.0200000e+00
   1.0615880e+01   9.4652800e+00   1.0100000e+02   3.1020000e-02   8.6400000e+00
   1.0847870e+01   9.7739400e+00   1.0000000e+02   3.8280000e-02   9.9400000e+00
