   1.7561500e-01   2.8317850e+00   1.0280000e+02   2.4035000e-02   8.8000000e+00
   1.9756000e-01   4.6190650e+00   1.1300000e+02   2.1505000e-02   8.8000000e+00
   2.3512500e-01   5.2844550e+00   1.0640000e+02   2.4805000e-02   1.0670000e+01
   2.3424500e-01   5.9180000e+00   1.3120000e+02   2.5575000e-02   8.3400000e+00
   1.3645500e-01   6.2328200e+00   1.0020000e+02   2.8435000e-02   8.2900000e+00
   1.2028500e-01   7.6226150e+00   1.2640000e+02   2.4035000e-02   8.9000000e+00
   2.0702000e-01   9.2180000e+00   1.3140000e+02   2.3210000e-02   9.1200000e+00
   1.2182500e-01   9.3495600e+00   1.2580000e+02   2.2385000e-02   8.7600000e+00
   4.5980000e-01   8.9996500e+00   1.2500000e+02   2.7775000e-02   8.6300000e+00
   4.6794000e-01   5.0260650e+00   1.1220000e+02   2.1505000e-02   8.3200000e+00
   5.7255000e-01   6.7311750e+00   1.3500000e+02   2.7775000e-02   1.0830000e+01
   4.8037000e-01   7.1056700e+00   1.3500000e+02   3.5090000e-02   9.8900000e+00
   1.0274550e+00   4.3612800e+00   1.0660000e+02   3.1625000e-02   8.1400000e+00
   7.3210500e-01   4.6533300e+00   1.0640000e+02   2.6345000e-02   1.0370000e+01
   7.0444000e-01   6.3632800e+00   1.3500000e+02   3.1020000e-02   1.0500000e+01
   7.2132500e-01   7.3717050e+00   1.0300000e+02   2.2385000e-02   8.0900000e+00
   4.5023000e-01   7.7322300e+00   1.0340000e+02   2.3210000e-02   8.2800000e+00
   6.1715500e-01   8.5301150e+00   1.0160000e+02   2.3210000e-02   8.2700000e+00
   7.8650000e-01   8.6625000e+00   1.2600000e+02   1.6445000e-02   9.2100000e+00
   1.1082500e+00   5.6567500e+00   1.3440000e+02   2.7775000e-02   1.0030000e+01
   9.8274000e-01   9.1649800e+00   1.2160000e+02   2.9095000e-02   1.0660000e+01
   1.0560000e+00   9.4475700e+00   1.2220000e+02   3.6190000e-02   1.1700000e+01
   1.0786050e+00   1.0175330e+01   1.2640000e+02   1.5152500e-01   8.0100000e+00
   1.3696650e+00   7.3468450e+00   1.2220000e+02   3.6190000e-02   1.0270000e+01
   1.3345200e+00   7.7046750e+00   1.2180000e+02   3.8775000e-02   1.0800000e+01
   1.4113000e+00   8.7637000e+00   1.1500000e+02   2.4035000e-02   8.2700000e+00
   1.3581150e+00   9.3409800e+00   1.3480000e+02   2.3210000e-02   8.2800000e+00
   1.3754950e+00   1.0004665e+01   1.2340000e+02   3.6190000e-02   1.2090000e+01
   1.5858150e+00   4.1334150e+00   1.0200000e+02   2.4035000e-02   1.0990000e+01
   1.3658150e+00   5.3225150e+00   1.3500000e+02   2.4035000e-02   9.0500000e+00
   1.5945600e+00   6.4430300e+00   1.2640000e+02   2.2385000e-02   8.7300000e+00
   1.4759800e+00   6.7274900e+00   1.2640000e+02   2.0570000e-02   8.4500000e+00
   1.3768150e+00   8.4135150e+00   1.2180000e+02   3.9270000e-02   1.2660000e+01
   1.4538700e+00   8.7611700e+00   1.2180000e+02   3.6740000e-02   1.3620000e+01
   1.5643100e+00   9.0993100e+00   1.2160000e+02   3.5640000e-02   1.3070000e+01
   1.7509800e+00   6.1729800e+00   1.2680000e+02   2.0570000e-02   8.4300000e+00
   1.5015000e+00   8.7532500e+00   1.2740000e+02   8.8000000e-03   8.3100000e+00
   1.6325650e+00   1.0262065e+01   1.2200000e+02   3.3440000e-02   1.0970000e+01
   1.8849050e+00   3.8472500e+00   1.0180000e+02   2.3210000e-02   1.1920000e+01
   2.0879650e+00   6.6757900e+00   1.2860000e+02   4.4330000e-02   8.1600000e+00
   1.9480450e+00   1.0512590e+01   1.2160000e+02   2.4805000e-02   8.4500000e+00
   2.1682650e+00   6.3127350e+00   1.2980000e+02   2.2385000e-02   1.2750000e+01
   2.2216700e+00   3.5787950e+00   1.0180000e+02   2.4805000e-02   1.1540000e+01
   2.3598300e+00   5.1501450e+00   1.2520000e+02   2.6345000e-02   1.2750000e+01
   2.2859100e+00   5.9531450e+00   1.2960000e+02   2.2385000e-02   1.3550000e+01
   2.6730000e+00   4.8427500e+00   1.2520000e+02   2.6345000e-02   1.3020000e+01
   2.6317500e+00   5.2580000e+00   1.2980000e+02   2.3210000e-02   1.2420000e+01
   2.6207500e+00   6.7292500e+00   1.3280000e+02   2.3210000e-02   1.2470000e+01
   2.4679050e+00   7.0242700e+00   1.3280000e+02   2.3210000e-02   1.1940000e+01
   2.8187500e+00   6.4460000e+00   1.3280000e+02   2.1505000e-02   1.3030000e+01
   2.9865000e+00   3.1196000e+00   1.0200000e+02   1.9635000e-02   1.0570000e+01
   3.0261000e+00   4.5567500e+00   1.2500000e+02   2.7775000e-02   1.3480000e+01
   2.8579100e+00   4.9301450e+00   1.2980000e+02   2.2385000e-02   1.0960000e+01
   3.1503450e+00   5.7090000e+00   1.1320000e+02   2.3210000e-02   9.1300000e+00
   3.3294800e+00   5.9230050e+00   1.3280000e+02   2.0570000e-02   1.1510000e+01
   3.4104400e+00   2.9301250e+00   1.0160000e+02   2.1505000e-02   9.5600000e+00
   3.3825000e+00   4.2845000e+00   1.0020000e+02   1.8645000e-02   1.1210000e+01
   3.4665400e+00   5.0856300e+00   1.0000000e+02   5.0820000e-02   8.2500000e+00
   3.4643400e+00   6.3683400e+00   1.0300000e+02   1.7545000e-02   9.3400000e+00
   3.3561000e+00   6.9905000e+00   1.0300000e+02   1.9635000e-02   1.0060000e+01
   3.3977900e+00   7.3021850e+00   1.0280000e+02   1.8645000e-02   8.8800000e+00
   3.5042150e+00   7.6003400e+00   1.0280000e+02   1.7545000e-02   8.7500000e+00
   3.5467300e+00   4.3505000e-01   1.0720000e+02   2.8435000e-02   9.0700000e+00
   3.6877500e+00   4.1506850e+00   1.0020000e+02   2.1505000e-02   1.1050000e+01
   3.6403400e+00   5.6918400e+00   1.3260000e+02   1.7545000e-02   9.4000000e+00
   3.6107500e+00   6.0676000e+00   1.0300000e+02   1.9635000e-02   9.0000000e+00
   3.9600000e+00   3.7804250e+00   1.2580000e+02   2.5575000e-02   1.0700000e+01
   3.8314100e+00   4.0660950e+00   1.2500000e+02   2.8435000e-02   1.1030000e+01
   3.9002700e+00   4.6667500e+00   1.2660000e+02   2.3210000e-02   8.0800000e+00
   4.0906250e+00   6.6518100e+00   1.3280000e+02   2.1505000e-02   1.3200000e+01
   4.1685600e+00   7.3662050e+00   1.3180000e+02   2.2385000e-02   9.6300000e+00
   4.3837750e+00   3.6242250e+00   1.2580000e+02   2.7060000e-02   1.0710000e+01
   4.2775150e+00   3.8655100e+00   1.2500000e+02   2.9095000e-02   9.8500000e+00
   4.2240000e+00   6.3937500e+00   1.3300000e+02   1.9635000e-02   1.2760000e+01
   4.3102950e+00   6.7450900e+00   1.3180000e+02   2.4805000e-02   9.6300000e+00
   4.2082150e+00   7.0517150e+00   1.3200000e+02   2.4805000e-02   9.0100000e+00
   4.2357150e+00   8.2672150e+00   1.2140000e+02   1.7545000e-02   8.1800000e+00
   4.3058400e+00   8.4652150e+00   1.2140000e+02   1.7545000e-02   8.3400000e+00
   4.6835800e+00   7.0791050e+00   1.1200000e+02   2.6345000e-02   1.2840000e+01
   4.6837450e+00   7.2790850e+00   1.1200000e+02   2.5575000e-02   1.2600000e+01
   4.6007500e+00   8.8044000e+00   1.2120000e+02   1.9635000e-02   9.9600000e+00
   4.6555300e+00   8.1202000e-01   1.2300000e+02   2.0570000e-02   8.5100000e+00
   4.6650450e+00   4.3546250e+00   1.2640000e+02   2.4805000e-02   8.4700000e+00
   4.4059950e+00   6.1428950e+00   1.3160000e+02   4.6035000e-02   8.4500000e+00
   4.7315950e+00   6.8794550e+00   1.1200000e+02   2.8435000e-02   1.2220000e+01
   4.8191000e+00   8.9292500e+00   1.2100000e+02   1.9635000e-02   1.0750000e+01
   4.8342250e+00   3.5000350e+00   1.2580000e+02   2.7060000e-02   1.1860000e+01
   4.9030300e+00   5.6944800e+00   1.3280000e+02   2.0570000e-02   1.1310000e+01
   4.9668300e+00   6.5071050e+00   1.1300000e+02   2.6345000e-02   8.4000000e+00
   5.1150000e+00   8.0971000e+00   1.2780000e+02   1.9635000e-02   8.1100000e+00
   5.2119100e+00   5.5012650e+00   1.3280000e+02   2.2385000e-02   9.6200000e+00
   5.0754000e+00   9.0172500e+00   1.2120000e+02   1.9635000e-02   9.3700000e+00
   5.4300950e+00   6.3200500e-01   1.0000000e+02   2.8435000e-02   8.0200000e+00
   5.4178850e+00   4.0024050e+00   1.0560000e+02   2.3210000e-02   1.0620000e+01
   5.1557000e+00   6.3132850e+00   1.1240000e+02   2.4035000e-02   8.0900000e+00
   5.5235950e+00   6.2157700e+00   1.0720000e+02   1.6445000e-02   1.0080000e+01
   5.4685950e+00   6.4185000e+00   1.0720000e+02   1.6445000e-02   1.0300000e+01
   5.4553400e+00   6.6213400e+00   1.0700000e+02   1.7545000e-02   1.0410000e+01
   5.7944700e+00   7.2485050e+00   1.2840000e+02   6.6275000e-02   8.3500000e+00
   5.5645700e+00   6.8038850e+00   1.0900000e+02   6.5395000e-02   9.3600000e+00
   5.6449800e+00   6.9639350e+00   1.0580000e+02   7.1280000e-02   1.0580000e+01
   5.8517250e+00   7.2114350e+00   1.2380000e+02   1.0461000e-01   8.1900000e+00
   5.8740000e+00   7.2967950e+00   1.2900000e+02   2.2385000e-02   8.8800000e+00
   5.7904000e+00   3.3528000e+00   1.2540000e+02   2.4035000e-02   9.8800000e+00
   5.9257550e+00   3.8797550e+00   1.0560000e+02   2.5575000e-02   1.1230000e+01
   5.7589950e+00   5.8500200e+00   1.0760000e+02   2.0570000e-02   8.9500000e+00
   6.0201900e+00   7.3480000e+00   1.3300000e+02   5.5495000e-02   8.3400000e+00
   5.9972000e+00   7.2638500e-01   1.0020000e+02   2.4035000e-02   8.2300000e+00
   5.9417600e+00   7.1997750e+00   1.2260000e+02   2.7060000e-02   8.7900000e+00
   6.0979600e+00   7.2986100e+00   1.0760000e+02   7.1830000e-02   8.1500000e+00
   6.2909000e+00   3.3324500e+00   1.2560000e+02   1.9635000e-02   8.1900000e+00
   6.2947500e+00   6.1077500e+00   1.0420000e+02   2.1505000e-02   8.4100000e+00
   6.1490000e+00   7.3283100e+00   1.1860000e+02   2.7060000e-02   9.7800000e+00
   6.4622250e+00   8.0400650e+00   1.0200000e+02   3.9270000e-02   8.5800000e+00
   6.3199950e+00   8.4049900e+00   1.1900000e+02   2.0570000e-02   8.0300000e+00
   6.5653500e+00   8.6113500e-01   1.0000000e+02   2.9755000e-02   8.6400000e+00
   6.4456700e+00   3.8102350e+00   1.0560000e+02   2.5575000e-02   1.1150000e+01
   6.4982500e+00   6.0087500e+00   1.0460000e+02   2.3210000e-02   9.0400000e+00
   6.5209100e+00   6.1566450e+00   1.0520000e+02   2.2385000e-02   1.0010000e+01
   6.6739750e+00   6.1928350e+00   1.2540000e+02   7.2655000e-02   8.5900000e+00
   6.1689100e+00   7.2800750e+00   1.2280000e+02   3.1625000e-02   8.7500000e+00
   6.6208450e+00   8.0260950e+00   1.1880000e+02   2.3210000e-02   9.8500000e+00
   6.5654600e+00   8.0898950e+00   1.0440000e+02   2.6345000e-02   1.0180000e+01
   6.7705000e+00   5.9274050e+00   1.0460000e+02   2.3210000e-02   9.4100000e+00
   6.7261150e+00   6.1575800e+00   1.0940000e+02   1.2144000e-01   8.2100000e+00
   6.7706650e+00   6.6715000e+00   1.0100000e+02   3.6740000e-02   8.8800000e+00
   6.8078450e+00   7.3159350e+00   1.0760000e+02   3.0415000e-02   8.7400000e+00
   6.7990450e+00   7.5130000e+00   1.1880000e+02   2.4805000e-02   9.5100000e+00
   6.7309550e+00   7.7790900e+00   1.1880000e+02   2.4805000e-02   9.3200000e+00
   6.8640000e+00   8.1042500e+00   1.0400000e+02   3.1625000e-02   1.2620000e+01
   6.9327500e+00   3.6685000e+00   1.0060000e+02   3.2835000e-02   1.2230000e+01
   7.0273500e+00   6.1750150e+00   1.0840000e+02   1.2034000e-01   9.0000000e+00
   6.9799400e+00   6.2906250e+00   1.0360000e+02   2.1505000e-02   1.2380000e+01
   6.9950650e+00   8.7335600e+00   1.0300000e+02   2.1505000e-02   9.1300000e+00
   7.1280000e+00   6.0534650e+00   1.0520000e+02   1.7545000e-02   9.0400000e+00
   7.3484400e+00   6.3247250e+00   1.0340000e+02   3.8775000e-02   8.5900000e+00
   7.2890950e+00   8.5674050e+00   1.0280000e+02   2.3210000e-02   8.4500000e+00
   7.3469000e+00   1.7336000e+00   1.1140000e+02   2.4035000e-02   8.1300000e+00
   7.3855100e+00   2.8515300e+00   1.2000000e+02   2.9095000e-02   8.4700000e+00
   7.3760500e+00   3.8058350e+00   1.0080000e+02   3.3990000e-02   1.1700000e+01
   7.4764800e+00   5.9230050e+00   1.0500000e+02   2.0570000e-02   8.8300000e+00
   7.3473950e+00   6.2710450e+00   1.1480000e+02   5.5495000e-02   8.5200000e+00
   7.3679100e+00   6.4714100e+00   1.0020000e+02   2.2385000e-02   8.2000000e+00
   7.2881600e+00   6.6737550e+00   1.0040000e+02   2.5575000e-02   8.1200000e+00
   7.2086850e+00   7.9460150e+00   1.2640000e+02   2.4035000e-02   8.2700000e+00
   7.2431150e+00   7.9485450e+00   1.0340000e+02   4.0205000e-02   1.3280000e+01
   7.2369000e+00   1.0489490e+01   1.0900000e+02   3.8775000e-02   8.3200000e+00
   7.5659650e+00   3.5234650e+00   1.0000000e+02   2.7060000e-02   8.8700000e+00
   7.5550750e+00   3.6600850e+00   1.0020000e+02   2.5575000e-02   1.0860000e+01
   7.5307650e+00   3.7983550e+00   1.0020000e+02   4.6420000e-02   1.2030000e+01
   7.3874900e+00   6.2696150e+00   1.3000000e+02   1.0890000e-01   8.0300000e+00
   7.3891950e+00   6.3197200e+00   1.2840000e+02   4.2570000e-02   8.7500000e+00
   7.8996500e+00   6.7285350e+00   1.2220000e+02   1.0659000e-01   8.1800000e+00
   7.5735000e+00   8.3380000e+00   1.0280000e+02   1.8645000e-02   8.1600000e+00
   7.6621050e+00   1.0268280e+01   1.0900000e+02   3.2835000e-02   8.2100000e+00
   7.8745150e+00   1.9030000e+00   1.1100000e+02   2.0570000e-02   8.4100000e+00
   7.7110000e+00   3.3068750e+00   1.0020000e+02   2.1505000e-02   9.9300000e+00
   7.8034550e+00   3.9963550e+00   1.0060000e+02   3.4540000e-02   1.2340000e+01
   7.9863300e+00   6.5922450e+00   1.0060000e+02   2.5575000e-02   9.6400000e+00
   7.8665400e+00   7.0451150e+00   1.0060000e+02   3.3440000e-02   1.0860000e+01
   7.7745800e+00   7.2523550e+00   1.0100000e+02   2.6345000e-02   8.9200000e+00
   7.9591050e+00   2.7265150e+00   1.0100000e+02   4.8895000e-02   8.0200000e+00
   8.0547500e+00   2.6922500e+00   1.1540000e+02   2.6345000e-02   1.0370000e+01
   8.0513950e+00   3.3281050e+00   1.0000000e+02   4.1635000e-02   1.2140000e+01
   8.0269750e+00   3.8978500e+00   1.0000000e+02   2.7775000e-02   9.3600000e+00
   7.9870450e+00   4.0269350e+00   1.0020000e+02   4.2570000e-02   1.2340000e+01
   7.9823150e+00   6.0833300e+00   1.0080000e+02   2.6345000e-02   1.1260000e+01
   8.0037650e+00   6.3415000e+00   1.0020000e+02   2.9095000e-02   9.9300000e+00
   8.1354350e+00   9.1956700e+00   1.3340000e+02   2.6345000e-02   9.1300000e+00
   8.0748800e+00   1.0004775e+01   1.0880000e+02   2.7060000e-02   9.0400000e+00
   8.1963750e+00   3.5670800e+00   1.0000000e+02   2.4805000e-02   9.4800000e+00
   8.5038250e+00   3.9985000e+00   1.0000000e+02   2.2385000e-02   8.2700000e+00
   8.4134600e+00   4.3117800e+00   1.0020000e+02   4.2075000e-02   1.1960000e+01
   8.3449300e+00   4.8567750e+00   1.0160000e+02   2.7060000e-02   9.8000000e+00
   8.2775000e+00   5.0124250e+00   1.0120000e+02   2.5575000e-02   9.2500000e+00
   8.2381200e+00   5.3583750e+00   1.0140000e+02   4.9280000e-02   1.0970000e+01
   8.2752450e+00   5.5776600e+00   1.0160000e+02   2.5575000e-02   8.3000000e+00
   8.4335900e+00   5.8973750e+00   1.0180000e+02   2.4805000e-02   8.5700000e+00
   8.2124900e+00   6.5935100e+00   1.0580000e+02   2.0570000e-02   8.1800000e+00
   8.0797750e+00   7.0467650e+00   1.0880000e+02   1.0769000e-01   8.9300000e+00
   8.3771600e+00   8.9397550e+00   1.3300000e+02   2.5575000e-02   1.1240000e+01
   8.5793400e+00   2.9577350e+00   1.1520000e+02   2.5575000e-02   1.0430000e+01
   8.6462750e+00   3.8871250e+00   1.0040000e+02   2.7775000e-02   1.0940000e+01
   8.5716950e+00   4.5238600e+00   1.0060000e+02   3.5640000e-02   1.0160000e+01
   8.5285200e+00   5.3173450e+00   1.0080000e+02   2.3210000e-02   8.6000000e+00
   8.4274300e+00   5.6672550e+00   1.0200000e+02   4.5595000e-02   1.1170000e+01
   8.5794500e+00   6.0018200e+00   1.0180000e+02   4.7245000e-02   1.1960000e+01
   8.5504650e+00   6.2345800e+00   1.0160000e+02   2.4805000e-02   9.8400000e+00
   8.1155800e+00   7.0537500e+00   1.1780000e+02   2.4805000e-02   8.2500000e+00
   8.3353600e+00   9.9096800e+00   1.1780000e+02   2.8435000e-02   8.4900000e+00
   8.5363300e+00   3.6067900e+00   1.0300000e+02   4.9280000e-02   8.9400000e+00
   8.7599050e+00   3.9419050e+00   1.0000000e+02   2.5575000e-02   8.6000000e+00
   8.6114050e+00   5.1939800e+00   1.0180000e+02   2.3210000e-02   8.8600000e+00
   8.6006250e+00   5.8698750e+00   1.0000000e+02   2.7775000e-02   1.0270000e+01
   8.6887350e+00   6.2235250e+00   1.0100000e+02   3.4540000e-02   9.1100000e+00
   8.7541850e+00   6.7182500e+00   1.0000000e+02   3.3990000e-02   8.9800000e+00
   8.7715650e+00   7.0851550e+00   1.0180000e+02   4.7245000e-02   8.5900000e+00
   8.5690000e+00   7.2930000e+00   1.0060000e+02   2.9755000e-02   9.1200000e+00
   8.7594100e+00   8.3708350e+00   1.3500000e+02   5.1535000e-02   8.7400000e+00
   8.8220000e+00   9.2128300e+00   1.1780000e+02   2.4805000e-02   1.1050000e+01
   8.7661200e+00   1.0438120e+01   1.3120000e+02   2.7060000e-02   8.8700000e+00
   8.9772100e+00   3.9646750e+00   1.0020000e+02   3.9765000e-02   1.2830000e+01
   8.8990000e+00   4.8610650e+00   1.0100000e+02   2.9755000e-02   9.0600000e+00
   8.8306900e+00   5.5654500e+00   1.0180000e+02   2.7060000e-02   9.7700000e+00
   8.9876600e+00   7.7330000e+00   1.3280000e+02   2.5575000e-02   1.1900000e+01
   8.8938300e+00   8.0542550e+00   1.3280000e+02   2.5575000e-02   1.1640000e+01
   9.0096600e+00   8.8297550e+00   1.1760000e+02   2.5575000e-02   1.0850000e+01
   9.2831750e+00   1.7058250e+00   1.0360000e+02   3.5640000e-02   1.2500000e+01
   9.0784650e+00   3.2568800e+00   1.1480000e+02   2.7060000e-02   1.0050000e+01
   9.0599850e+00   4.2689900e+00   1.0060000e+02   2.0570000e-02   1.1260000e+01
   9.1224100e+00   5.0195200e+00   1.0060000e+02   4.5210000e-02   9.4900000e+00
   9.0939200e+00   6.3751050e+00   1.0180000e+02   2.6345000e-02   9.3300000e+00
   9.1323650e+00   6.7956350e+00   1.0240000e+02   2.3210000e-02   8.4900000e+00
   9.1592050e+00   8.4359550e+00   1.1760000e+02   2.4805000e-02   1.1050000e+01
   9.0071300e+00   3.3068750e+00   1.0020000e+02   3.5090000e-02   8.1200000e+00
   9.4168250e+00   4.7033250e+00   1.0080000e+02   2.7775000e-02   9.6800000e+00
   9.2150850e+00   4.9272850e+00   1.0000000e+02   2.4035000e-02   9.4000000e+00
   9.4009850e+00   5.4359800e+00   1.0060000e+02   4.1195000e-02   8.9700000e+00
   9.3165600e+00   1.0224775e+01   1.0000000e+02   7.1060000e-02   8.3300000e+00
   9.7078300e+00   4.7934150e+00   1.0000000e+02   4.2570000e-02   1.0110000e+01
   9.6549200e+00   6.3570650e+00   1.1040000e+02   2.6345000e-02   8.9600000e+00
   9.7037050e+00   6.8702700e+00   1.0920000e+02   3.7235000e-02   8.2100000e+00
   9.6421600e+00   7.9184050e+00   1.1100000e+02   2.5575000e-02   1.0450000e+01
   9.5230850e+00   8.4252850e+00   1.1080000e+02   2.4035000e-02   8.3300000e+00
   9.7808700e+00   1.9329200e+00   1.0360000e+02   3.5090000e-02   1.2970000e+01
   9.8588600e+00   4.1366600e+00   1.0000000e+02   4.0205000e-02   8.1000000e+00
   9.9242550e+00   5.7037200e+00   1.0140000e+02   3.2230000e-02   8.6700000e+00
   1.0000485e+01   3.9420150e+00   1.1660000e+02   3.5640000e-02   8.7500000e+00
   9.9873950e+00   5.2638850e+00   1.0060000e+02   4.6035000e-02   8.4300000e+00
   1.0253925e+01   2.1913650e+00   1.0360000e+02   3.7730000e-02   1.2010000e+01
   1.0419420e+01   9.4463050e+00   1.0000000e+02   5.7530000e-02   8.6800000e+00
   1.0467050e+01   1.0285000e+01   1.1100000e+02   2.7775000e-02   8.1000000e+00
   1.0695520e+01   9.0022350e+00   1.0300000e+02   2.9095000e-02   8.4700000e+00
   1.0494000e+01   1.0276750e+01   1.0820000e+02   1.2430000e-02   8.0700000e+00
   1.0653940e+01   1.0605375e+01   1.1060000e+02   3.0415000e-02   8.0400000e+00
