   2.2808500e-01   4.7626150e+00   1.0940000e+02   3.3990000e-02   9.1000000e+00
   2.3512500e-01   5.2844550e+00   1.0640000e+02   2.4805000e-02   1.0670000e+01
   2.5410000e-01   5.8888500e+00   1.2860000e+02   1.9635000e-02   8.0800000e+00
   2.3556500e-01   6.2044400e+00   1.2860000e+02   2.1505000e-02   8.1000000e+00
   2.4326500e-01   6.5154100e+00   1.2880000e+02   2.2385000e-02   8.5800000e+00
   3.7301000e-01   5.2550300e+00   1.2780000e+02   2.0570000e-02   8.0800000e+00
   4.2350000e-01   1.0346820e+01   1.0160000e+02   2.8435000e-02   8.0700000e+00
   4.5353000e-01   4.9349850e+00   1.2880000e+02   2.0570000e-02   8.1100000e+00
   7.5493000e-01   4.0655450e+00   1.1000000e+02   3.4540000e-02   1.2250000e+01
   1.0084800e+00   1.4185050e+00   1.2340000e+02   2.0570000e-02   8.2900000e+00
   1.0160700e+00   6.6409750e+00   1.2920000e+02   3.8280000e-02   1.0460000e+01
   9.5375500e-01   6.9609100e+00   1.2960000e+02   3.6190000e-02   1.2230000e+01
   9.3791500e-01   7.6075450e+00   1.2900000e+02   3.5090000e-02   1.1470000e+01
   9.7498500e-01   7.9269850e+00   1.2960000e+02   3.7730000e-02   1.1050000e+01
   7.9315500e-01   1.0115270e+01   1.0100000e+02   2.3210000e-02   8.2700000e+00
   1.0839400e+00   3.7236100e+00   1.1460000e+02   4.9665000e-02   8.2700000e+00
   9.8323500e-01   6.9634950e+00   1.2500000e+02   4.2570000e-02   8.5200000e+00
   1.0463200e+00   8.2426300e+00   1.2960000e+02   3.9765000e-02   1.3410000e+01
   1.4422100e+00   4.8717350e+00   1.0020000e+02   1.0180500e-01   8.3400000e+00
   1.9827500e+00   6.4487500e+00   1.0440000e+02   2.3210000e-02   1.0880000e+01
   1.9220300e+00   1.0144145e+01   1.3000000e+02   2.2385000e-02   8.0000000e+00
   1.9901750e+00   6.2230300e+00   1.0460000e+02   2.2385000e-02   1.0070000e+01
   2.0710250e+00   6.9060200e+00   1.0420000e+02   2.0570000e-02   9.9200000e+00
   2.1718950e+00   7.1353150e+00   1.0400000e+02   1.8645000e-02   9.9000000e+00
   2.1807500e+00   7.3452500e+00   1.1440000e+02   2.1505000e-02   8.6800000e+00
   2.1340000e+00   7.6824000e+00   1.1400000e+02   1.9635000e-02   9.4200000e+00
   2.1388950e+00   8.0116850e+00   1.1400000e+02   1.8645000e-02   9.6800000e+00
   2.3066450e+00   7.3611450e+00   1.0400000e+02   2.2385000e-02   1.2160000e+01
   2.3540000e+00   8.4354050e+00   1.1540000e+02   1.6445000e-02   8.0100000e+00
   2.5545850e+00   9.1252150e+00   1.0380000e+02   2.4035000e-02   8.6600000e+00
   2.5437500e+00   2.9223150e+00   1.1540000e+02   2.1505000e-02   8.0300000e+00
   2.7612200e+00   5.9695350e+00   1.0580000e+02   3.2230000e-02   9.1800000e+00
   2.6613400e+00   6.3573400e+00   1.1400000e+02   1.7545000e-02   9.0300000e+00
   2.4409000e+00   6.6792000e+00   1.1400000e+02   1.9635000e-02   9.9400000e+00
   2.9129650e+00   5.3566700e+00   1.0400000e+02   2.4805000e-02   8.1900000e+00
   2.7527500e+00   6.2727500e+00   1.0480000e+02   2.1505000e-02   1.1810000e+01
   2.7934500e+00   6.5806400e+00   1.0680000e+02   3.4540000e-02   8.2200000e+00
   3.0529950e+00   3.0049800e+00   1.1200000e+02   2.0570000e-02   1.1090000e+01
   3.1451200e+00   4.7236200e+00   1.0660000e+02   2.7060000e-02   9.7600000e+00
   3.0002500e+00   5.0380000e+00   1.0600000e+02   1.9635000e-02   1.1950000e+01
   3.0176850e+00   6.3353950e+00   1.3240000e+02   2.6345000e-02   8.1000000e+00
   3.3357500e+00   4.4192500e+00   1.0620000e+02   2.1505000e-02   1.0220000e+01
   3.6048100e+00   7.0481950e+00   1.0820000e+02   3.5640000e-02   8.2300000e+00
   3.0069050e+00   7.2387700e+00   1.0760000e+02   1.6445000e-02   9.7700000e+00
   3.3773300e+00   7.4157050e+00   1.1420000e+02   2.4805000e-02   1.1400000e+01
   3.1302150e+00   7.8553750e+00   1.3280000e+02   2.4805000e-02   8.6300000e+00
   3.2512700e+00   9.2470950e+00   1.2840000e+02   2.3210000e-02   8.6000000e+00
   3.3044000e+00   9.4682500e+00   1.0320000e+02   1.9635000e-02   8.9400000e+00
   3.5160950e+00   5.4869650e+00   1.0160000e+02   4.3450000e-02   1.1330000e+01
   3.4164900e+00   5.8013450e+00   1.0220000e+02   3.5640000e-02   1.2200000e+01
   3.4097250e+00   6.4355500e+00   1.0240000e+02   2.7775000e-02   1.1170000e+01
   3.4323850e+00   6.9120150e+00   1.1440000e+02   2.4035000e-02   9.5000000e+00
   3.3797500e+00   7.1610000e+00   1.1460000e+02   2.1505000e-02   1.0300000e+01
   3.5955150e+00   2.8046150e+00   1.1200000e+02   2.4035000e-02   1.0160000e+01
   3.8386150e+00   3.8414200e+00   1.0840000e+02   3.2230000e-02   8.2100000e+00
   3.7049100e+00   6.3994700e+00   1.1840000e+02   2.2385000e-02   8.1300000e+00
   3.7066150e+00   6.4317000e+00   1.1460000e+02   2.4035000e-02   1.2220000e+01
   3.4977250e+00   6.7417900e+00   1.0020000e+02   3.7730000e-02   1.1400000e+01
   3.6379200e+00   7.0277900e+00   1.0140000e+02   4.9280000e-02   1.2320000e+01
   3.5523400e+00   7.9262150e+00   1.0780000e+02   1.7545000e-02   8.6700000e+00
   3.5486000e+00   5.4846000e+00   1.0380000e+02   1.3860000e-02   8.3300000e+00
   3.9244700e+00   6.2158250e+00   1.1520000e+02   2.2385000e-02   9.9500000e+00
   3.8472500e+00   6.4666250e+00   1.3500000e+02   2.1505000e-02   9.4800000e+00
   3.6444650e+00   7.0640900e+00   1.0560000e+02   1.7545000e-02   1.0140000e+01
   3.9091250e+00   8.2472500e+00   1.0760000e+02   2.1505000e-02   8.6800000e+00
   4.1779650e+00   2.6554550e+00   1.1200000e+02   2.4805000e-02   9.1400000e+00
   4.1642150e+00   3.5757150e+00   1.0640000e+02   1.7545000e-02   1.0780000e+01
   3.6685000e+00   7.0290000e+00   1.0280000e+02   1.3860000e-02   9.1400000e+00
   4.2634350e+00   8.7206900e+00   1.1880000e+02   2.1505000e-02   8.1900000e+00
   4.6864400e+00   7.1630900e+00   1.0520000e+02   5.7915000e-02   8.2100000e+00
   4.6515150e+00   7.1550050e+00   1.0460000e+02   2.0570000e-02   8.0700000e+00
   4.6832500e+00   8.2170000e+00   9.9999999e+01   1.9635000e-02   8.1900000e+00
   4.3147500e+00   8.5442500e+00   1.0780000e+02   2.3210000e-02   9.2700000e+00
   4.4150150e+00   5.6628000e+00   1.3500000e+02   2.4035000e-02   8.4100000e+00
   4.6420000e+00   6.1749050e+00   1.0020000e+02   1.6445000e-02   8.7800000e+00
   4.6777500e+00   6.3234050e+00   1.0060000e+02   2.3210000e-02   1.0030000e+01
   4.6339700e+00   6.6694100e+00   1.0040000e+02   2.2385000e-02   8.6400000e+00
   4.5185250e+00   6.8754400e+00   1.0100000e+02   3.8280000e-02   1.1720000e+01
   4.6475000e+00   7.0279000e+00   9.9999999e+01   1.9635000e-02   1.0510000e+01
   4.6642200e+00   7.0779500e-01   1.1740000e+02   4.3450000e-02   8.7700000e+00
   4.7102550e+00   1.0039150e+00   1.1140000e+02   2.5575000e-02   8.0200000e+00
   4.6738450e+00   5.5035200e+00   1.3500000e+02   2.3210000e-02   8.3900000e+00
   4.7217500e+00   6.1749050e+00   1.0040000e+02   2.3210000e-02   8.5300000e+00
   4.8021050e+00   6.7723150e+00   1.0060000e+02   1.8645000e-02   9.0800000e+00
   5.0855200e+00   4.3260250e+00   1.0200000e+02   2.0570000e-02   1.0310000e+01
   5.1061450e+00   5.6121450e+00   1.0120000e+02   2.2385000e-02   1.0980000e+01
   4.9087500e+00   6.6357500e+00   1.0020000e+02   2.1505000e-02   8.8300000e+00
   4.9302000e+00   6.9047000e+00   1.0040000e+02   2.4035000e-02   9.6700000e+00
   5.0407500e+00   7.3223150e+00   9.9999999e+01   2.1505000e-02   9.3000000e+00
   4.8858150e+00   9.0138950e+00   1.1840000e+02   1.8645000e-02   8.3400000e+00
   5.1832000e+00   8.3792500e-01   1.1540000e+02   4.0700000e-02   8.1200000e+00
   5.1872150e+00   5.3855450e+00   1.0120000e+02   2.4805000e-02   1.0610000e+01
   5.0841450e+00   6.0974100e+00   1.0140000e+02   2.2385000e-02   8.4300000e+00
   5.1917250e+00   6.4732250e+00   1.0140000e+02   2.8435000e-02   9.6900000e+00
   5.3036500e+00   6.6361900e+00   1.0120000e+02   3.5640000e-02   8.8400000e+00
   5.0964650e+00   7.0243800e+00   1.0220000e+02   3.5090000e-02   1.1650000e+01
   5.2341850e+00   7.4002500e+00   9.9999999e+01   2.1505000e-02   9.8200000e+00
   5.1719800e+00   7.5518850e+00   1.0120000e+02   3.4540000e-02   1.0870000e+01
   5.2460650e+00   9.0850650e+00   1.1840000e+02   1.5180000e-02   8.5800000e+00
   5.4074900e+00   2.5219150e+00   1.1120000e+02   2.5575000e-02   1.0920000e+01
   5.4762950e+00   5.8805450e+00   1.0220000e+02   4.5595000e-02   1.0740000e+01
   5.5027500e+00   6.7732500e+00   1.0100000e+02   3.3990000e-02   1.1610000e+01
   5.3670100e+00   7.0720100e+00   9.9999999e+01   2.0570000e-02   1.1770000e+01
   5.4605100e+00   7.4589900e+00   9.9999999e+01   2.0570000e-02   1.0340000e+01
   5.4613350e+00   7.6701900e+00   1.0120000e+02   3.5640000e-02   1.1420000e+01
   5.6325500e+00   9.0928200e+00   1.1780000e+02   2.8435000e-02   8.0700000e+00
   5.6817750e+00   4.5278750e+00   1.2320000e+02   2.7775000e-02   1.1340000e+01
   5.4714000e+00   6.0559950e+00   1.0200000e+02   5.0050000e-02   1.0940000e+01
   5.5749650e+00   6.3994700e+00   1.0260000e+02   3.0415000e-02   9.3600000e+00
   5.6757800e+00   6.5672200e+00   1.0260000e+02   4.3450000e-02   8.4900000e+00
   5.7640000e+00   7.7275000e+00   1.0140000e+02   2.8435000e-02   1.3150000e+01
   5.9105200e+00   9.8734900e+00   1.2120000e+02   3.2835000e-02   8.9400000e+00
   5.9561700e+00   2.5458400e+00   1.1820000e+02   2.5575000e-02   1.0510000e+01
   5.9208050e+00   5.3510050e+00   9.9999999e+01   5.5165000e-02   8.6700000e+00
   5.9710200e+00   5.9422550e+00   1.0080000e+02   5.7200000e-02   9.5200000e+00
   5.9725050e+00   6.0111700e+00   1.3500000e+02   1.0461000e-01   8.3900000e+00
   5.8072850e+00   6.7291950e+00   1.0200000e+02   4.5210000e-02   9.3700000e+00
   5.9391750e+00   9.8835000e+00   1.2360000e+02   6.0830000e-02   9.8800000e+00
   5.7114200e+00   9.8241000e-01   1.1500000e+02   5.3020000e-02   8.3100000e+00
   5.9934050e+00   5.9672800e+00   1.3380000e+02   7.7990000e-02   8.8200000e+00
   6.0084750e+00   6.0129300e+00   1.1880000e+02   1.2644500e-01   8.2700000e+00
   6.3512900e+00   6.2786900e+00   1.0120000e+02   5.8575000e-02   8.0300000e+00
   5.8749350e+00   6.6270600e+00   1.0240000e+02   2.1505000e-02   9.8500000e+00
   6.1317300e+00   7.7704550e+00   1.0160000e+02   2.8435000e-02   1.3170000e+01
   6.0267900e+00   2.5433100e+00   1.1360000e+02   4.3890000e-02   8.4900000e+00
   6.1982250e+00   4.6150500e+00   1.2240000e+02   2.7775000e-02   1.0220000e+01
   6.0575900e+00   6.0207950e+00   1.2920000e+02   5.9840000e-02   8.7300000e+00
   6.4715200e+00   6.3838500e+00   1.3300000e+02   7.7495000e-02   8.3500000e+00
   6.4045300e+00   9.8353200e+00   1.2380000e+02   5.1920000e-02   9.5400000e+00
   6.3670200e+00   9.8246500e+00   1.2780000e+02   3.5640000e-02   9.1300000e+00
   6.4985250e+00   2.6215200e+00   1.1840000e+02   2.0570000e-02   8.8900000e+00
   6.4664050e+00   5.5852500e+00   1.0280000e+02   2.3210000e-02   9.4400000e+00
   6.4191600e+00   6.3116900e+00   1.2040000e+02   1.4140500e-01   8.0500000e+00
   6.3580000e+00   8.2402650e+00   9.9999999e+01   3.8775000e-02   9.3000000e+00
   6.4038150e+00   9.7931900e+00   1.1840000e+02   3.0415000e-02   9.2100000e+00
   6.7151700e+00   4.7762550e+00   1.2320000e+02   2.5575000e-02   1.0080000e+01
   6.7366750e+00   5.7005300e+00   1.0280000e+02   2.2385000e-02   8.1600000e+00
   6.4694850e+00   6.2900200e+00   1.3000000e+02   4.1635000e-02   8.2500000e+00
   6.5243200e+00   6.3648200e+00   1.3060000e+02   5.1920000e-02   8.5600000e+00
   6.5179400e+00   6.4143750e+00   1.1360000e+02   2.1505000e-02   9.5500000e+00
   7.1024250e+00   7.3795700e+00   1.0020000e+02   5.1535000e-02   8.0400000e+00
   6.7807850e+00   7.8659350e+00   9.9999999e+01   3.3990000e-02   8.2900000e+00
   6.3649850e+00   9.7875250e+00   1.2380000e+02   2.0570000e-02   1.0380000e+01
   6.4402800e+00   9.8227800e+00   1.2980000e+02   3.0415000e-02   8.4300000e+00
   6.7679700e+00   1.2946450e+00   1.1660000e+02   3.9765000e-02   9.9700000e+00
   7.0400000e+00   2.7465900e+00   1.1820000e+02   2.4805000e-02   8.5100000e+00
   6.9560150e+00   7.6426350e+00   9.9999999e+01   3.3990000e-02   8.2100000e+00
   7.2877750e+00   1.4891800e+00   1.1760000e+02   2.8435000e-02   1.0450000e+01
   7.0264150e+00   5.8362150e+00   1.0340000e+02   2.4035000e-02   9.2600000e+00
   7.2144050e+00   5.9805900e+00   9.9999999e+01   5.8245000e-02   9.0500000e+00
   7.4760950e+00   7.9326500e-01   9.9999999e+01   5.0435000e-02   9.3300000e+00
   7.4181250e+00   6.2466800e+00   9.9999999e+01   5.6540000e-02   9.0200000e+00
   7.3983800e+00   7.6665600e+00   1.0220000e+02   3.7730000e-02   1.2000000e+01
   7.2991600e+00   9.4721000e+00   1.2320000e+02   5.3735000e-02   1.0490000e+01
   7.6825100e+00   5.3243850e+00   1.2240000e+02   3.2835000e-02   1.0830000e+01
   7.7224950e+00   7.5015050e+00   1.0100000e+02   2.9095000e-02   1.2380000e+01
   7.7059400e+00   9.1785650e+00   1.2300000e+02   5.6870000e-02   1.0470000e+01
   7.7134200e+00   1.0472935e+01   1.3060000e+02   2.6345000e-02   9.0300000e+00
   7.9948550e+00   9.8312500e-01   9.9999999e+01   5.4120000e-02   8.0000000e+00
   8.0953400e+00   3.0043750e+00   1.1860000e+02   3.0415000e-02   9.6800000e+00
   8.0940750e+00   3.1411600e+00   1.1780000e+02   2.5575000e-02   1.0120000e+01
   8.0925900e+00   5.6988800e+00   1.2240000e+02   3.5090000e-02   1.0140000e+01
   7.7220000e+00   7.4580000e+00   1.0660000e+02   1.0725000e-02   8.1100000e+00
   8.0690500e+00   8.8130350e+00   1.3160000e+02   8.0685000e-02   8.5100000e+00
   8.1119500e+00   1.0250350e+01   1.3060000e+02   2.7775000e-02   9.9300000e+00
   8.5023950e+00   1.1891000e+00   9.9999999e+01   4.6035000e-02   8.0000000e+00
   8.5863250e+00   3.2111750e+00   1.1820000e+02   3.1625000e-02   8.6600000e+00
   8.5882500e+00   3.4000450e+00   1.1800000e+02   2.4805000e-02   9.0000000e+00
   8.5930900e+00   6.6933350e+00   1.0160000e+02   3.6190000e-02   1.1740000e+01
   8.3320050e+00   7.0129950e+00   1.0200000e+02   3.6740000e-02   9.8500000e+00
   8.6212500e+00   3.7290000e+00   1.0680000e+02   1.9635000e-02   8.7400000e+00
   8.7133750e+00   5.8221900e+00   1.0020000e+02   2.1505000e-02   8.7800000e+00
   8.7045200e+00   6.1470200e+00   9.9999999e+01   2.0570000e-02   8.2200000e+00
   8.8122650e+00   6.3350650e+00   1.0160000e+02   3.9270000e-02   1.2470000e+01
   8.8873400e+00   4.1887450e+00   1.0120000e+02   2.5575000e-02   8.3700000e+00
   8.7910900e+00   4.4715000e+00   1.1820000e+02   2.4805000e-02   8.1200000e+00
   9.0170300e+00   8.6799900e+00   1.0140000e+02   2.0570000e-02   8.5900000e+00
   9.1029400e+00   1.4930300e+00   1.1480000e+02   2.2385000e-02   8.7500000e+00
   9.0371600e+00   3.8907550e+00   1.0700000e+02   2.5575000e-02   9.0400000e+00
   9.1805450e+00   4.8822950e+00   1.1800000e+02   2.4805000e-02   8.1500000e+00
   9.4820000e+00   3.3000000e-02   1.0060000e+02   1.0725000e-02   8.8200000e+00
   9.4199050e+00   4.0947500e+00   1.0680000e+02   2.3210000e-02   9.4100000e+00
   9.6091600e+00   3.9405850e+00   1.2780000e+02   2.5575000e-02   9.2300000e+00
   9.5248450e+00   5.3210850e+00   1.1820000e+02   2.7060000e-02   8.0700000e+00
   9.5275950e+00   5.8520000e+00   1.0760000e+02   2.3210000e-02   8.6600000e+00
   9.9193050e+00   1.9877550e+00   1.0120000e+02   6.1105000e-02   8.0000000e+00
   9.8679900e+00   6.0800300e+00   1.0140000e+02   2.0570000e-02   8.2200000e+00
   9.7930250e+00   7.5107450e+00   1.0100000e+02   2.9095000e-02   8.3400000e+00
   9.9100100e+00   4.3408200e+00   1.2780000e+02   2.5575000e-02   8.1500000e+00
   1.0042285e+01   6.2788000e+00   1.1760000e+02   2.4035000e-02   8.6700000e+00
   9.9834350e+00   7.1390000e+00   1.0140000e+02   2.1505000e-02   9.3500000e+00
   1.0028700e+01   9.3874000e+00   1.0640000e+02   1.3860000e-02   8.6500000e+00
   1.0164715e+01   4.7648150e+00   1.2800000e+02   2.4035000e-02   8.0100000e+00
   1.0229010e+01   6.7730300e+00   1.1820000e+02   2.0570000e-02   8.3100000e+00
   1.0227800e+01   7.4143850e+00   1.0160000e+02   2.4035000e-02   8.1000000e+00
   1.0372065e+01   9.9903100e+00   1.0700000e+02   2.1505000e-02   8.0000000e+00
   1.0082985e+01   4.5982200e+00   1.0780000e+02   3.1625000e-02   9.0500000e+00
   1.0530080e+01   5.6625800e+00   1.3000000e+02   3.6190000e-02   8.6700000e+00
   1.0512205e+01   9.2252050e+00   1.0040000e+02   3.3440000e-02   8.2200000e+00
   1.0857275e+01   5.5118800e+00   1.0960000e+02   2.7060000e-02   1.0720000e+01
   1.0626000e+01   6.1332150e+00   1.2800000e+02   2.4805000e-02   9.1400000e+00
