   1.5345000e-01   1.0305900e+00   1.3380000e+02   4.3010000e-02   9.9300000e+00
   1.7561500e-01   2.8317850e+00   1.0280000e+02   2.4035000e-02   8.8000000e+00
   2.3424500e-01   5.9180000e+00   1.3120000e+02   2.5575000e-02   8.3400000e+00
   4.2311500e-01   8.7917500e-01   1.3500000e+02   3.9270000e-02   1.1580000e+01
   2.8110500e-01   3.8755750e+00   1.1720000e+02   4.5595000e-02   8.7700000e+00
   7.1940000e-01   7.6092500e-01   1.3140000e+02   5.3405000e-02   8.1100000e+00
   3.0921000e-01   3.8671050e+00   1.1660000e+02   1.8645000e-02   8.3900000e+00
   5.8448500e-01   4.9404850e+00   1.2760000e+02   2.0570000e-02   9.6400000e+00
   5.1656000e-01   8.8155650e+00   1.1820000e+02   2.1505000e-02   8.5000000e+00
   6.6484000e-01   9.0262150e+00   1.1820000e+02   1.7545000e-02   8.6000000e+00
   9.7339000e-01   3.4770450e+00   1.1780000e+02   5.7530000e-02   8.1400000e+00
   7.8320000e-01   4.6453000e+00   1.2720000e+02   2.4035000e-02   8.1800000e+00
   1.0028150e+00   3.0341850e+00   1.0340000e+02   3.3990000e-02   9.8000000e+00
   1.2509750e+00   4.3440650e+00   1.2640000e+02   1.1775500e-01   8.1400000e+00
   1.3497000e+00   5.1309500e-01   1.3500000e+02   4.1635000e-02   9.6400000e+00
   9.9781000e-01   3.4575200e+00   1.1660000e+02   3.5640000e-02   8.4300000e+00
   1.2842500e+00   4.8407150e+00   1.0160000e+02   2.4805000e-02   1.0540000e+01
   1.3093300e+00   2.7438950e+00   1.0220000e+02   3.7235000e-02   8.1700000e+00
   1.3745050e+00   3.2930150e+00   1.1380000e+02   3.5640000e-02   1.1020000e+01
   1.4378650e+00   4.5505350e+00   1.0020000e+02   3.6740000e-02   8.1100000e+00
   1.1631950e+00   5.1312250e+00   1.0280000e+02   3.8775000e-02   8.3700000e+00
   1.6411450e+00   2.4910600e+00   1.0440000e+02   2.2385000e-02   1.1800000e+01
   1.7661050e+00   3.8001150e+00   1.1660000e+02   3.2835000e-02   1.4210000e+01
   1.7609900e+00   6.8374900e+00   1.2960000e+02   2.0570000e-02   1.1820000e+01
   1.6885000e+00   7.1654000e+00   1.2960000e+02   1.9635000e-02   1.2370000e+01
   1.6692500e+00   7.3546000e+00   1.2940000e+02   1.9635000e-02   9.6800000e+00
   1.6665000e+00   7.4965000e+00   1.2960000e+02   2.2385000e-02   1.3240000e+01
   1.6720000e+00   7.6890000e+00   1.2940000e+02   1.8645000e-02   1.1050000e+01
   1.8454700e+00   4.0306750e+00   1.0140000e+02   2.2385000e-02   1.0470000e+01
   1.4982550e+00   4.0819900e+00   1.1420000e+02   3.8775000e-02   1.0830000e+01
   2.0290050e+00   6.2085100e+00   1.2940000e+02   2.0570000e-02   1.1010000e+01
   1.9385300e+00   6.3779100e+00   1.2920000e+02   2.2385000e-02   8.5800000e+00
   1.7126450e+00   7.0214100e+00   1.2980000e+02   2.2385000e-02   9.6600000e+00
   1.8928250e+00   3.5999700e+00   1.2760000e+02   2.2385000e-02   8.6000000e+00
   2.0997350e+00   3.7886750e+00   1.0160000e+02   2.2385000e-02   1.0830000e+01
   2.3870000e+00   6.6825000e+00   1.0460000e+02   1.0725000e-02   8.2500000e+00
   2.1864700e+00   8.6992950e+00   1.1820000e+02   2.2385000e-02   9.8000000e+00
   2.3482800e+00   1.4991350e+00   1.1240000e+02   4.1195000e-02   8.6500000e+00
   2.3929950e+00   1.9955100e+00   1.0400000e+02   2.0570000e-02   1.0390000e+01
   2.2285450e+00   5.9097500e+00   1.2900000e+02   2.4805000e-02   9.3600000e+00
   2.4401300e+00   6.6477400e+00   1.0900000e+02   1.5653000e-01   8.0200000e+00
   2.3056000e+00   9.0282500e+00   1.1800000e+02   1.9635000e-02   8.6400000e+00
   2.8288700e+00   1.4351700e+00   1.1580000e+02   3.5090000e-02   1.1130000e+01
   2.8174850e+00   1.7662150e+00   1.0420000e+02   2.4035000e-02   8.9600000e+00
   2.8254600e+00   3.1218550e+00   1.1620000e+02   2.6345000e-02   1.2120000e+01
   2.4332550e+00   3.3295900e+00   1.1380000e+02   5.4120000e-02   8.2900000e+00
   2.5507350e+00   6.0986200e+00   1.0000000e+02   4.9665000e-02   9.0000000e+00
   2.6880150e+00   9.6294000e+00   1.1840000e+02   2.4035000e-02   1.1160000e+01
   2.9546550e+00   9.8831150e+00   1.1660000e+02   4.0205000e-02   8.9700000e+00
   2.7214000e+00   5.4697500e+00   1.0000000e+02   6.0830000e-02   8.3300000e+00
   2.9609800e+00   6.6345950e+00   1.0580000e+02   2.3210000e-02   8.0300000e+00
   3.2793750e+00   9.1715800e+00   1.0140000e+02   2.4805000e-02   8.0500000e+00
   3.3660000e+00   4.8470950e+00   1.0100000e+02   2.3210000e-02   1.3460000e+01
   3.1791100e+00   6.1106650e+00   1.0000000e+02   4.8070000e-02   9.5100000e+00
   3.2615000e+00   1.0120000e+01   1.1820000e+02   2.7060000e-02   1.3270000e+01
   3.3342100e+00   1.3637800e+00   1.1600000e+02   2.9755000e-02   1.1810000e+01
   3.7393400e+00   8.5749950e+00   1.0240000e+02   3.5090000e-02   1.0630000e+01
   3.4533400e+00   9.4057150e+00   1.0100000e+02   1.7545000e-02   9.3500000e+00
   3.6495800e+00   3.5108150e+00   1.0020000e+02   1.8645000e-02   8.6600000e+00
   3.7844400e+00   4.6014100e+00   1.0100000e+02   2.2385000e-02   1.0810000e+01
   3.7730550e+00   8.5518950e+00   1.1460000e+02   8.9705000e-02   8.1300000e+00
   3.7712400e+00   8.6161900e+00   1.0420000e+02   2.7060000e-02   8.6800000e+00
   3.8188150e+00   9.5748950e+00   1.0120000e+02   1.8645000e-02   8.0100000e+00
   3.9616500e+00   4.3774500e+00   1.0120000e+02   1.9635000e-02   1.0450000e+01
   3.5510200e+00   4.7175150e+00   1.0280000e+02   4.7685000e-02   8.0200000e+00
   3.8183750e+00   6.0795900e+00   1.1180000e+02   1.7545000e-02   8.0600000e+00
   3.7752000e+00   6.9124000e+00   1.0300000e+02   1.9635000e-02   9.5300000e+00
   3.7565000e+00   7.5130000e+00   1.0180000e+02   1.8645000e-02   9.5300000e+00
   3.8096850e+00   7.6892750e+00   1.0320000e+02   2.8435000e-02   1.1270000e+01
   3.7521000e+00   8.1537500e+00   1.0000000e+02   1.9635000e-02   8.0300000e+00
   3.9071450e+00   8.9396450e+00   1.0000000e+02   2.2385000e-02   9.4300000e+00
   4.0073000e+00   8.7770100e+00   1.0040000e+02   5.0050000e-02   1.0100000e+01
   4.0970050e+00   4.4498300e+00   1.0000000e+02   3.6740000e-02   1.0200000e+01
   3.8772250e+00   4.6271500e+00   1.0000000e+02   3.7730000e-02   1.0580000e+01
   4.0400800e+00   5.8458950e+00   1.1180000e+02   1.8645000e-02   9.6900000e+00
   4.1250000e+00   7.0686000e+00   1.3220000e+02   1.9635000e-02   8.3600000e+00
   4.1674050e+00   7.3040000e+00   1.0260000e+02   1.6445000e-02   1.1470000e+01
   4.0514650e+00   7.8840850e+00   1.0300000e+02   2.7060000e-02   1.1030000e+01
   4.0029000e+00   8.0382500e+00   1.0000000e+02   1.9635000e-02   1.0190000e+01
   4.2632150e+00   8.4088400e+00   1.2660000e+02   1.7545000e-02   8.8400000e+00
   4.0243500e+00   8.5596500e+00   1.0000000e+02   1.9635000e-02   9.9600000e+00
   4.0086200e+00   8.7478050e+00   1.0260000e+02   8.3050000e-02   1.0580000e+01
   4.0581200e+00   9.1693800e+00   1.0000000e+02   2.7060000e-02   9.1000000e+00
   3.9494400e+00   9.7940700e+00   1.0160000e+02   3.8280000e-02   8.0500000e+00
   4.1277500e+00   9.7350000e+00   1.0100000e+02   1.9635000e-02   8.5900000e+00
   4.3948850e+00   1.2786400e+00   1.1600000e+02   3.2230000e-02   9.5600000e+00
   4.3250900e+00   4.2889550e+00   1.0080000e+02   3.5090000e-02   8.0100000e+00
   4.3201400e+00   7.2912950e+00   1.0000000e+02   4.4770000e-02   1.0160000e+01
   4.4258500e+00   7.4651500e+00   1.0260000e+02   1.9635000e-02   1.2160000e+01
   4.3769000e+00   8.2280000e+00   1.0140000e+02   1.9635000e-02   1.1270000e+01
   4.5230900e+00   8.9642300e+00   1.1540000e+02   5.5495000e-02   8.1800000e+00
   4.2480900e+00   9.0320450e+00   1.0000000e+02   2.4805000e-02   1.0490000e+01
   4.2577700e+00   9.3775000e+00   1.0000000e+02   2.8435000e-02   9.8400000e+00
   4.2342300e+00   9.9027500e+00   1.0060000e+02   3.2835000e-02   9.4800000e+00
   4.5576850e+00   4.1421050e+00   1.0120000e+02   1.8645000e-02   8.7200000e+00
   4.5918400e+00   5.7812150e+00   1.0340000e+02   1.7545000e-02   9.7700000e+00
   4.4447150e+00   6.2858400e+00   1.0320000e+02   1.7545000e-02   1.0790000e+01
   4.4561000e+00   6.5147500e+00   1.0320000e+02   1.9635000e-02   1.1480000e+01
   4.5161050e+00   6.7136850e+00   1.0300000e+02   1.8645000e-02   1.1400000e+01
   4.3527550e+00   6.9664650e+00   1.0000000e+02   4.6420000e-02   9.4700000e+00
   4.7125100e+00   7.5957200e+00   1.0140000e+02   3.2835000e-02   9.0000000e+00
   4.6400750e+00   8.1843850e+00   1.0220000e+02   4.2075000e-02   1.1940000e+01
   4.4825000e+00   8.5662500e+00   1.2660000e+02   1.5180000e-02   9.3700000e+00
   4.5482800e+00   9.0054250e+00   1.0260000e+02   8.5525000e-02   1.0840000e+01
   4.4600050e+00   9.8705200e+00   1.0100000e+02   2.0570000e-02   8.9100000e+00
   4.5835900e+00   1.0046465e+01   1.0060000e+02   1.7545000e-02   8.2800000e+00
   4.7936350e+00   1.2677500e-01   1.0320000e+02   4.0205000e-02   8.2600000e+00
   4.8697000e+00   4.3154650e+00   1.0000000e+02   3.8280000e-02   1.2450000e+01
   4.8730000e+00   4.3780000e+00   1.0860000e+02   1.0725000e-02   8.3200000e+00
   4.7425950e+00   5.5275000e+00   1.0360000e+02   1.6445000e-02   8.8900000e+00
   4.7048650e+00   7.3377700e+00   1.0200000e+02   1.6445000e-02   8.3000000e+00
   4.6386450e+00   8.3964100e+00   1.0140000e+02   2.2385000e-02   1.0630000e+01
   4.8424200e+00   9.0849550e+00   1.0180000e+02   9.2070000e-02   1.2390000e+01
   4.6424400e+00   9.9243100e+00   1.0040000e+02   2.1505000e-02   1.0280000e+01
   4.9465350e+00   1.2647250e+00   1.1540000e+02   2.7060000e-02   1.0310000e+01
   5.0691850e+00   1.6914150e+00   1.1700000e+02   2.4035000e-02   9.7700000e+00
   4.8998400e+00   4.6963400e+00   1.0120000e+02   1.7545000e-02   9.0700000e+00
   5.1293000e+00   5.7013000e+00   1.0100000e+02   2.4035000e-02   9.4900000e+00
   4.9567100e+00   8.2779950e+00   1.0020000e+02   2.9755000e-02   1.2800000e+01
   4.9181000e+00   8.5305000e+00   1.0140000e+02   1.9635000e-02   1.2650000e+01
   5.1370000e+00   9.1905000e+00   1.1400000e+02   1.3860000e-02   9.0500000e+00
   5.0352500e+00   9.5645000e+00   1.0000000e+02   2.3210000e-02   8.0200000e+00
   4.8638150e+00   1.0017865e+01   1.0000000e+02   3.3990000e-02   9.5600000e+00
   5.2629500e+00   1.7358550e+00   1.2140000e+02   3.4540000e-02   9.1500000e+00
   5.2038250e+00   4.1586600e+00   1.0000000e+02   3.5640000e-02   1.2680000e+01
   5.1635100e+00   4.6670250e+00   1.0120000e+02   2.0570000e-02   9.5300000e+00
   5.3009000e+00   5.5110000e+00   1.0020000e+02   1.9635000e-02   1.0840000e+01
   5.2807150e+00   8.3372850e+00   1.0220000e+02   3.8775000e-02   1.3410000e+01
   5.1491550e+00   9.1308250e+00   1.0160000e+02   9.0145000e-02   1.2430000e+01
   5.3368150e+00   4.0156050e+00   1.0080000e+02   1.8645000e-02   1.1800000e+01
   5.5048400e+00   5.3288400e+00   1.0040000e+02   1.7545000e-02   1.0430000e+01
   5.4871850e+00   7.3308950e+00   1.1040000e+02   1.8645000e-02   9.0600000e+00
   5.4685950e+00   8.5222500e+00   1.0000000e+02   2.3210000e-02   9.3100000e+00
   5.1947500e+00   9.1307150e+00   1.0420000e+02   3.0415000e-02   9.7500000e+00
   5.2978200e+00   9.3227200e+00   1.0020000e+02   3.1020000e-02   8.1500000e+00
   5.3577150e+00   9.5638400e+00   1.0000000e+02   1.7545000e-02   8.5500000e+00
   5.2025600e+00   1.0026665e+01   1.0020000e+02   3.7235000e-02   1.1170000e+01
   5.2882500e+00   1.0098000e+01   1.0000000e+02   1.9635000e-02   9.3700000e+00
   5.6241900e+00   1.7050000e+00   1.1700000e+02   2.7060000e-02   9.9000000e+00
   5.5683100e+00   4.0315000e+00   1.0000000e+02   3.7235000e-02   1.0830000e+01
   5.6622500e+00   6.7746250e+00   1.0000000e+02   2.7775000e-02   9.8900000e+00
   5.6478400e+00   8.5955100e+00   1.0020000e+02   2.5575000e-02   9.8100000e+00
   5.6980000e+00   9.1712500e+00   1.0020000e+02   2.3210000e-02   1.0980000e+01
   5.5845900e+00   9.3211800e+00   1.0020000e+02   3.7730000e-02   1.0050000e+01
   5.6961850e+00   9.5198950e+00   1.0000000e+02   1.8645000e-02   9.2800000e+00
   5.5536800e+00   1.0008240e+01   1.0240000e+02   3.9765000e-02   1.0550000e+01
   5.8108600e+00   1.7865650e+00   1.2200000e+02   2.9755000e-02   8.8500000e+00
   5.8002450e+00   1.9816500e+00   1.0000000e+02   4.5595000e-02   9.1600000e+00
   5.6622500e+00   3.9281000e+00   1.0060000e+02   1.9635000e-02   1.0500000e+01
   6.0280000e+00   5.0259000e+00   1.0020000e+02   1.9635000e-02   9.1200000e+00
   5.9345000e+00   5.8630000e+00   1.0240000e+02   2.8435000e-02   1.4920000e+01
   5.7732400e+00   6.5353200e+00   1.0000000e+02   3.1020000e-02   8.3700000e+00
   5.6937100e+00   6.6554950e+00   1.0000000e+02   2.9755000e-02   9.0000000e+00
   5.8984200e+00   6.8896850e+00   1.3160000e+02   1.8645000e-02   1.0640000e+01
   5.8458950e+00   7.1921850e+00   1.1060000e+02   1.8645000e-02   1.0120000e+01
   5.9015000e+00   7.6505000e+00   1.2200000e+02   1.8645000e-02   8.8200000e+00
   6.1618700e+00   9.2204200e+00   1.0260000e+02   4.8455000e-02   8.4300000e+00
   5.7849550e+00   9.7871950e+00   1.0000000e+02   5.3735000e-02   9.3500000e+00
   5.8384700e+00   1.0111145e+01   1.2700000e+02   2.2385000e-02   8.6000000e+00
   6.0095200e+00   3.8770050e+00   1.0060000e+02   2.0570000e-02   9.1100000e+00
   5.9247650e+00   4.2013950e+00   1.0000000e+02   5.0435000e-02   1.0500000e+01
   5.9796550e+00   4.5603800e+00   1.3100000e+02   2.7060000e-02   1.2030000e+01
   6.0832750e+00   5.8039850e+00   1.0140000e+02   2.9095000e-02   1.4050000e+01
   5.9792150e+00   6.3147150e+00   1.0140000e+02   1.7545000e-02   8.8400000e+00
   5.9494050e+00   6.5395000e+00   1.0100000e+02   1.6445000e-02   1.0770000e+01
   6.0445000e+00   6.7732500e+00   1.0100000e+02   1.7545000e-02   1.1880000e+01
   6.1297500e+00   7.2572500e+00   1.2160000e+02   2.1505000e-02   1.0900000e+01
   6.0280000e+00   7.4800000e+00   1.2160000e+02   1.8645000e-02   8.8400000e+00
   6.0637500e+00   8.6637100e+00   1.0040000e+02   2.6345000e-02   1.2060000e+01
   6.0194200e+00   8.8992750e+00   1.0000000e+02   3.8775000e-02   9.0700000e+00
   6.2059800e+00   1.9299500e-01   1.2020000e+02   2.0570000e-02   8.2200000e+00
   6.1765000e+00   1.7462500e+00   1.1660000e+02   2.6345000e-02   8.4500000e+00
   6.3234600e+00   4.1654800e+00   1.0000000e+02   5.4835000e-02   9.1000000e+00
   6.3456250e+00   4.9211250e+00   1.0020000e+02   1.7545000e-02   8.0500000e+00
   6.2177500e+00   5.9604050e+00   1.0100000e+02   2.3210000e-02   1.3330000e+01
   6.1423450e+00   6.0965850e+00   1.0420000e+02   5.8905000e-02   8.0800000e+00
   6.2920000e+00   8.6542500e+00   1.0020000e+02   2.4805000e-02   1.2860000e+01
   6.3360000e+00   8.8921800e+00   1.0000000e+02   3.5640000e-02   9.1100000e+00
   6.1625300e+00   9.8254200e+00   1.0000000e+02   5.7200000e-02   9.1300000e+00
   6.3831350e+00   2.4577300e+00   1.2220000e+02   2.3210000e-02   1.1110000e+01
   6.3925950e+00   3.8805250e+00   1.0000000e+02   3.4540000e-02   1.0820000e+01
   6.5035850e+00   4.6394150e+00   1.3080000e+02   2.7060000e-02   1.1670000e+01
   6.2584500e+00   5.7575650e+00   1.0220000e+02   3.3440000e-02   1.1040000e+01
   6.4313150e+00   5.8533750e+00   1.0120000e+02   2.1505000e-02   1.1070000e+01
   6.1061000e+00   6.9135000e+00   1.3160000e+02   1.9635000e-02   9.0400000e+00
   6.5663950e+00   7.6333950e+00   1.1760000e+02   1.8645000e-02   8.0400000e+00
   6.6664400e+00   8.4145600e+00   1.2220000e+02   2.2385000e-02   8.4600000e+00
   6.5305900e+00   8.6143750e+00   1.0020000e+02   2.4805000e-02   1.4020000e+01
   6.6530200e+00   9.0919950e+00   1.0000000e+02   2.0570000e-02   9.3700000e+00
   6.4528200e+00   9.1300000e+00   1.0000000e+02   3.9765000e-02   1.3270000e+01
   6.5561650e+00   9.8137600e+00   1.0000000e+02   5.7915000e-02   1.0500000e+01
   6.8375450e+00   3.8657300e+00   1.0000000e+02   2.8435000e-02   1.1320000e+01
   6.8510200e+00   4.9284950e+00   1.0080000e+02   2.0570000e-02   1.0430000e+01
   6.6990000e+00   5.6852950e+00   1.0180000e+02   3.8775000e-02   9.3700000e+00
   6.6560450e+00   8.8496100e+00   1.0000000e+02   4.0700000e-02   1.0100000e+01
   6.7331550e+00   9.0113650e+00   1.0000000e+02   4.1195000e-02   1.1190000e+01
   6.5489050e+00   9.7764150e+00   1.0320000e+02   2.5575000e-02   8.1800000e+00
   6.9222450e+00   2.5927550e+00   1.2220000e+02   2.5575000e-02   1.0850000e+01
   6.9765300e+00   5.6879900e+00   1.0380000e+02   3.5640000e-02   9.5000000e+00
   7.2070900e+00   6.4274650e+00   1.0160000e+02   2.4805000e-02   8.2200000e+00
   6.8840200e+00   8.1615050e+00   1.2200000e+02   2.0570000e-02   9.7000000e+00
   6.7507000e+00   8.9611500e+00   1.0800000e+02   1.9635000e-02   8.2900000e+00
   6.6660000e+00   9.1300000e+00   1.0040000e+02   1.0725000e-02   8.6100000e+00
   6.5891650e+00   9.8166200e+00   1.0180000e+02   3.5090000e-02   8.2900000e+00
   7.2675900e+00   1.9102050e+00   1.1700000e+02   2.4805000e-02   8.1000000e+00
   7.4476050e+00   2.7713950e+00   1.2240000e+02   2.6345000e-02   8.9400000e+00
   7.0155250e+00   4.7773000e+00   1.2920000e+02   2.7775000e-02   8.9400000e+00
   7.1555000e+00   4.8867500e+00   1.0080000e+02   1.5180000e-02   9.0800000e+00
   7.1016000e+00   5.5643500e+00   1.1140000e+02   1.9635000e-02   9.4300000e+00
   7.3363950e+00   6.9226850e+00   1.0120000e+02   1.8645000e-02   9.8800000e+00
   7.4360000e+00   2.1053450e+00   1.2260000e+02   2.7060000e-02   8.4000000e+00
   7.2652250e+00   2.4684000e+00   1.3160000e+02   2.7775000e-02   1.0170000e+01
   7.5427000e+00   4.3676600e+00   1.0000000e+02   5.3735000e-02   8.0000000e+00
   7.4763150e+00   4.8956050e+00   1.0080000e+02   1.8645000e-02   8.2100000e+00
   7.5236150e+00   5.2400150e+00   1.2060000e+02   2.4035000e-02   9.7100000e+00
   7.2513650e+00   5.6744050e+00   1.0160000e+02   1.6445000e-02   9.7300000e+00
   7.4133400e+00   6.8468400e+00   1.0140000e+02   1.7545000e-02   1.0300000e+01
   7.2812300e+00   6.9763650e+00   1.0160000e+02   1.6445000e-02   8.2900000e+00
   7.3079050e+00   1.0100750e+01   1.1480000e+02   2.3210000e-02   9.3600000e+00
   7.5331850e+00   5.7241250e+00   1.0160000e+02   2.1505000e-02   8.3500000e+00
   7.5961050e+00   5.8941850e+00   1.1160000e+02   1.8645000e-02   9.3700000e+00
   7.5650300e+00   6.2185200e+00   1.0260000e+02   2.0570000e-02   1.2410000e+01
   7.5587050e+00   8.3483400e+00   1.1020000e+02   2.4805000e-02   9.4000000e+00
   7.7190300e+00   9.7976450e+00   1.1520000e+02   2.2385000e-02   1.1240000e+01
   7.8158850e+00   1.6041850e+00   1.3140000e+02   2.4035000e-02   8.3900000e+00
   7.8843050e+00   1.7218850e+00   1.3060000e+02   5.3735000e-02   8.4600000e+00
   7.7957000e+00   2.0339000e+00   1.1700000e+02   2.4035000e-02   8.6500000e+00
   7.8045000e+00   2.6463250e+00   1.3220000e+02   2.2385000e-02   1.0010000e+01
   7.6844900e+00   5.0300250e+00   1.0040000e+02   2.0570000e-02   1.0680000e+01
   7.9440900e+00   5.2875900e+00   1.3020000e+02   2.8435000e-02   9.9300000e+00
   7.8281500e+00   5.5423500e+00   1.2100000e+02   1.9635000e-02   8.4100000e+00
   7.7241450e+00   6.4206450e+00   1.0260000e+02   2.2385000e-02   1.1680000e+01
   7.8358500e+00   6.6423500e+00   1.0300000e+02   1.9635000e-02   1.0240000e+01
   7.8826000e+00   7.1175500e+00   1.0320000e+02   1.9635000e-02   9.1900000e+00
   7.9255000e+00   7.2710000e+00   1.0980000e+02   2.4035000e-02   1.3180000e+01
   7.8928850e+00   7.5089850e+00   1.1000000e+02   2.4035000e-02   1.2650000e+01
   7.8347500e+00   7.7357500e+00   1.1000000e+02   2.3210000e-02   1.1980000e+01
   7.6681550e+00   8.1580950e+00   1.1000000e+02   2.3210000e-02   1.0140000e+01
   7.9875950e+00   4.7944050e+00   1.0080000e+02   2.3210000e-02   8.0600000e+00
   8.0657500e+00   5.0886000e+00   1.0060000e+02   1.9635000e-02   8.5600000e+00
   8.0141050e+00   6.3286850e+00   1.1160000e+02   1.8645000e-02   8.1100000e+00
   8.3679200e+00   1.9831350e+00   1.3060000e+02   6.2975000e-02   8.3300000e+00
   8.3295300e+00   2.8591750e+00   1.3180000e+02   2.2385000e-02   9.2300000e+00
   8.1299900e+00   5.3160250e+00   1.0680000e+02   2.0570000e-02   8.8100000e+00
   8.4069700e+00   5.5888250e+00   1.0660000e+02   2.2385000e-02   1.0400000e+01
   8.3462500e+00   6.3360000e+00   1.0060000e+02   1.7545000e-02   8.9800000e+00
   8.4982700e+00   6.4314800e+00   1.0140000e+02   5.5495000e-02   8.4100000e+00
   8.4560300e+00   3.2249800e+00   1.2200000e+02   2.0570000e-02   9.4300000e+00
   8.7450000e+00   5.3006800e+00   1.0160000e+02   2.8435000e-02   8.1600000e+00
   8.4590000e+00   5.2167500e+00   1.0060000e+02   1.9635000e-02   9.7400000e+00
   8.6576050e+00   5.8831850e+00   1.0660000e+02   1.8645000e-02   9.7900000e+00
   8.5265950e+00   6.2516850e+00   1.0000000e+02   2.8435000e-02   1.1430000e+01
   8.5167500e+00   6.7430000e+00   1.0000000e+02   2.4805000e-02   9.7800000e+00
   8.4168150e+00   8.6854350e+00   1.2980000e+02   2.6345000e-02   9.1300000e+00
   8.4553150e+00   1.0698105e+01   1.0480000e+02   1.8645000e-02   9.6700000e+00
   8.8287650e+00   2.2707300e+00   1.3060000e+02   3.6740000e-02   8.0100000e+00
   8.9673650e+00   4.1265400e+00   1.3200000e+02   7.5515000e-02   8.0600000e+00
   8.7665600e+00   4.3649100e+00   1.0080000e+02   2.2385000e-02   8.8000000e+00
   8.9634050e+00   4.1721350e+00   1.3060000e+02   1.6445000e-02   8.4200000e+00
   8.8513150e+00   1.0490315e+01   1.0500000e+02   2.1505000e-02   9.0500000e+00
   8.7610050e+00   2.3564200e+00   1.3320000e+02   2.9755000e-02   9.2400000e+00
   9.0092750e+00   4.0794600e+00   1.3360000e+02   1.1874500e-01   8.3000000e+00
   8.9499850e+00   6.0791500e+00   1.0120000e+02   3.3990000e-02   1.3910000e+01
   9.0905100e+00   7.8132450e+00   1.0220000e+02   3.2230000e-02   9.8900000e+00
   9.2360950e+00   2.5590950e+00   1.3060000e+02   2.3210000e-02   8.1000000e+00
   9.0486550e+00   4.1146050e+00   1.3180000e+02   1.9299500e-01   8.3300000e+00
   9.0791800e+00   4.1232950e+00   1.0040000e+02   9.7130000e-02   8.8500000e+00
   9.1119600e+00   4.4666050e+00   1.0140000e+02   2.6345000e-02   9.7300000e+00
   9.2725600e+00   5.6586750e+00   1.0200000e+02   2.2385000e-02   8.4900000e+00
   9.1095400e+00   6.4240000e+00   1.0140000e+02   3.5090000e-02   1.2710000e+01
   9.2015000e+00   6.7829850e+00   1.0160000e+02   3.6190000e-02   1.2330000e+01
   9.0681250e+00   4.0556450e+00   1.2460000e+02   6.3305000e-02   9.0900000e+00
   9.2150300e+00   4.2189400e+00   1.0040000e+02   3.0415000e-02   1.1720000e+01
   9.4290900e+00   4.6506350e+00   1.0120000e+02   2.8435000e-02   9.4500000e+00
   9.4755100e+00   5.7730200e+00   1.0000000e+02   3.2835000e-02   8.9300000e+00
   9.1871450e+00   7.4899550e+00   1.0060000e+02   3.4540000e-02   1.0060000e+01
   9.7261450e+00   2.8163300e+00   1.3320000e+02   2.6345000e-02   8.0800000e+00
   9.5233600e+00   4.3905950e+00   1.0420000e+02   1.2837000e-01   8.7300000e+00
   9.5226450e+00   4.4294250e+00   1.1420000e+02   4.4770000e-02   9.6900000e+00
   9.5844650e+00   6.2325450e+00   1.0000000e+02   2.4805000e-02   9.5700000e+00
   9.5831450e+00   6.6859100e+00   1.0000000e+02   2.2385000e-02   1.1270000e+01
   9.6149900e+00   9.5035050e+00   1.3500000e+02   2.0570000e-02   8.2300000e+00
   9.6417200e+00   4.5440450e+00   1.0100000e+02   3.2230000e-02   1.0320000e+01
   9.9425150e+00   4.7240600e+00   1.0100000e+02   1.3486000e-01   1.0740000e+01
   9.7254850e+00   4.8692050e+00   1.0160000e+02   3.1625000e-02   1.0310000e+01
   1.0074350e+01   1.6238750e+00   1.0000000e+02   3.9270000e-02   8.0900000e+00
   9.9470250e+00   4.6954050e+00   1.1280000e+02   4.0205000e-02   9.9800000e+00
   1.0011595e+01   4.9087500e+00   1.0080000e+02   3.6190000e-02   9.5800000e+00
   9.9524700e+00   4.7696550e+00   1.1480000e+02   5.6870000e-02   9.3100000e+00
   1.0154705e+01   1.0445050e+01   1.1720000e+02   3.8775000e-02   8.3200000e+00
   1.0284340e+01   2.8737500e-01   1.1060000e+02   1.7545000e-02   8.4700000e+00
   1.0228405e+01   5.3975900e+00   1.0140000e+02   2.8435000e-02   8.7500000e+00
   1.0424095e+01   5.7031700e+00   1.0100000e+02   2.5575000e-02   8.0300000e+00
   1.0561815e+01   5.5480150e+00   1.0340000e+02   4.1635000e-02   1.0000000e+01
   1.0311235e+01   7.6454400e+00   1.0840000e+02   2.2385000e-02   8.0000000e+00
   1.0242210e+01   9.7838950e+00   1.1480000e+02   1.8645000e-02   8.9500000e+00
   1.0164825e+01   1.0475960e+01   1.1080000e+02   3.8775000e-02   8.0800000e+00
   1.0699590e+01   4.3066100e+00   1.1740000e+02   4.1635000e-02   8.3500000e+00
   1.0583540e+01   5.5110550e+00   1.0260000e+02   1.0961500e-01   8.7200000e+00
   1.0579250e+01   5.7126850e+00   1.0200000e+02   2.6345000e-02   8.7900000e+00
   1.0647505e+01   7.3515200e+00   1.2940000e+02   2.0570000e-02   1.0680000e+01
   1.0474090e+01   9.3864650e+00   1.1540000e+02   2.4805000e-02   8.6400000e+00
   1.0813275e+01   5.9502850e+00   1.0140000e+02   1.3695000e-01   8.0800000e+00
   1.0825045e+01   5.9934600e+00   1.1360000e+02   8.0190000e-02   8.0100000e+00
   1.0678250e+01   6.7210000e+00   1.2940000e+02   1.9635000e-02   9.3900000e+00
   1.0648000e+01   7.0356000e+00   1.2940000e+02   1.9635000e-02   9.4800000e+00
