   7.7000000e-02   1.6747500e+00   1.1600000e+02   1.7545000e-02   8.4700000e+00
   3.9198500e-01   1.5015000e+00   1.1680000e+02   2.0570000e-02   9.9000000e+00
   4.8730000e-01   1.5356000e+00   1.3500000e+02   1.3860000e-02   8.8600000e+00
   3.1801000e-01   2.1982950e+00   1.2600000e+02   3.8775000e-02   1.0160000e+01
   3.0156500e-01   3.1398400e+00   1.2400000e+02   3.0415000e-02   8.4100000e+00
   4.0656000e-01   6.8594350e+00   1.1320000e+02   2.1505000e-02   1.1180000e+01
   3.9600000e-01   7.1372950e+00   1.1340000e+02   2.2385000e-02   1.0420000e+01
   4.0975000e-01   7.4123500e+00   1.1380000e+02   1.9635000e-02   9.4800000e+00
   3.4991000e-01   2.2006050e+00   1.2000000e+02   4.5210000e-02   8.0100000e+00
   6.1385500e-01   2.9632900e+00   1.2320000e+02   2.6345000e-02   1.1320000e+01
   6.3525000e-01   5.5233750e+00   1.3500000e+02   2.4805000e-02   8.2200000e+00
   6.4443500e-01   6.0390000e+00   1.3500000e+02   2.1505000e-02   1.1440000e+01
   5.0105000e-01   6.3239000e+00   1.1380000e+02   1.9635000e-02   9.4400000e+00
   8.2973000e-01   5.3071150e+00   1.0600000e+02   2.3210000e-02   9.4500000e+00
   6.8750000e-01   5.2717500e+00   1.3500000e+02   1.9635000e-02   8.6500000e+00
   8.1460500e-01   6.0573150e+00   1.1340000e+02   1.8645000e-02   9.3200000e+00
   7.0240500e-01   6.3112500e+00   1.3500000e+02   2.3210000e-02   1.0050000e+01
   8.0140500e-01   6.5838850e+00   1.3500000e+02   2.3210000e-02   8.7300000e+00
   1.0788250e+00   1.2095600e+00   1.1600000e+02   2.2385000e-02   9.2100000e+00
   9.9324500e-01   1.8577900e+00   1.2660000e+02   3.5090000e-02   1.0590000e+01
   1.0543500e+00   5.6237500e+00   1.1380000e+02   1.9635000e-02   8.7400000e+00
   1.1147950e+00   9.1844500e+00   1.0000000e+02   6.2040000e-02   8.6800000e+00
   1.2913450e+00   2.6365350e+00   1.2340000e+02   2.7060000e-02   1.1230000e+01
   1.2203950e+00   5.4236050e+00   1.1340000e+02   1.8645000e-02   8.0800000e+00
   1.1910250e+00   7.0532550e+00   1.0260000e+02   4.1195000e-02   8.0100000e+00
   1.2522400e+00   7.4043750e+00   1.0000000e+02   6.7705000e-02   8.7000000e+00
   1.3013550e+00   9.4473500e+00   1.0000000e+02   5.9510000e-02   1.0060000e+01
   1.2970100e+00   9.4822200e+00   1.0200000e+02   3.2230000e-02   8.4900000e+00
   1.3676300e+00   1.7087950e+00   1.2660000e+02   3.3440000e-02   9.2700000e+00
   1.3960650e+00   3.0566250e+00   1.2300000e+02   2.1505000e-02   8.1300000e+00
   1.5337850e+00   4.8077150e+00   1.0620000e+02   2.4035000e-02   9.8500000e+00
   1.2595000e+00   7.3700000e+00   1.0080000e+02   1.0725000e-02   8.4100000e+00
   1.4814800e+00   8.0234550e+00   1.0000000e+02   7.2105000e-02   1.0340000e+01
   1.6727150e+00   2.4918850e+00   1.2360000e+02   2.4035000e-02   1.0630000e+01
   1.7953650e+00   5.9249850e+00   1.0040000e+02   4.1195000e-02   8.0300000e+00
   1.5655200e+00   6.3195000e+00   1.3500000e+02   2.3210000e-02   9.1300000e+00
   1.7028550e+00   6.4816400e+00   1.0380000e+02   2.9755000e-02   1.4140000e+01
   1.6483500e+00   7.0297150e+00   1.0380000e+02   2.9755000e-02   1.1360000e+01
   1.6553900e+00   8.3204000e+00   1.0000000e+02   7.2380000e-02   9.1500000e+00
   1.8362850e+00   8.5995250e+00   1.0000000e+02   3.4540000e-02   8.0300000e+00
   1.7724850e+00   9.9296450e+00   1.0000000e+02   5.7200000e-02   1.1520000e+01
   1.7705050e+00   9.9679250e+00   1.0420000e+02   4.5595000e-02   9.0000000e+00
   1.6348750e+00   1.0557910e+01   1.0000000e+02   4.9280000e-02   8.2900000e+00
   1.9570650e+00   4.6121900e+00   1.0580000e+02   2.1505000e-02   8.5300000e+00
   1.8239100e+00   5.9311450e+00   1.0380000e+02   2.2385000e-02   1.2930000e+01
   1.6868500e+00   6.7729200e+00   1.0120000e+02   3.2230000e-02   9.1800000e+00
   2.0123950e+00   7.3773150e+00   1.2280000e+02   1.8645000e-02   8.5500000e+00
   2.1317450e+00   3.7283400e+00   1.1240000e+02   2.5575000e-02   1.0090000e+01
   1.9270900e+00   5.6595000e+00   1.0400000e+02   2.4805000e-02   1.0790000e+01
   2.2330000e+00   6.2260000e+00   1.2200000e+02   2.2385000e-02   1.3380000e+01
   2.1807500e+00   6.4405000e+00   1.2200000e+02   2.1505000e-02   1.1300000e+01
   2.1459350e+00   7.7064350e+00   1.2280000e+02   1.5180000e-02   8.1500000e+00
   2.0585400e+00   1.0143045e+01   1.0000000e+02   5.5880000e-02   9.5600000e+00
   1.9374850e+00   1.0735945e+01   1.0000000e+02   5.5165000e-02   8.3300000e+00
   2.2690250e+00   2.6215200e+00   1.2320000e+02   2.0570000e-02   8.3900000e+00
   2.3617000e+00   6.0056150e+00   1.2200000e+02   2.4035000e-02   1.4920000e+01
   2.2918500e+00   7.9541000e+00   1.0580000e+02   1.9635000e-02   8.3900000e+00
   2.3728100e+00   1.0334995e+01   1.0000000e+02   4.6860000e-02   9.8400000e+00
   2.4873750e+00   3.5396900e+00   1.1240000e+02   2.1505000e-02   1.1610000e+01
   2.7549500e+00   5.5559350e+00   1.1860000e+02   3.3440000e-02   9.1400000e+00
   2.3521850e+00   9.0768150e+00   1.0760000e+02   2.1505000e-02   8.5100000e+00
   2.6201450e+00   1.0102675e+01   1.0640000e+02   2.2385000e-02   8.1600000e+00
   2.8797450e+00   3.3773300e+00   1.1220000e+02   2.5575000e-02   1.2940000e+01
   2.7885000e+00   5.5594000e+00   1.2180000e+02   1.9635000e-02   1.3650000e+01
   2.9370000e+00   1.8095000e+00   1.0600000e+02   2.8435000e-02   1.0460000e+01
   2.8786450e+00   3.4087350e+00   1.0840000e+02   2.2385000e-02   8.2800000e+00
   2.9967300e+00   1.0320365e+01   1.0640000e+02   2.8435000e-02   8.3500000e+00
   3.0065750e+00   1.4184500e-01   1.0020000e+02   4.0700000e-02   9.2700000e+00
   3.4222100e+00   1.7542800e+00   1.0640000e+02   2.9755000e-02   1.1630000e+01
   3.0656450e+00   5.3255950e+00   1.2280000e+02   3.2835000e-02   9.7900000e+00
   3.3880000e+00   6.4267500e+00   1.1400000e+02   1.9635000e-02   8.6700000e+00
   3.7584250e+00   6.8620750e+00   1.0240000e+02   2.9755000e-02   9.3600000e+00
   3.5681250e+00   7.2854650e+00   1.0160000e+02   2.4805000e-02   1.2040000e+01
   3.5537150e+00   7.7467500e+00   1.0180000e+02   2.4805000e-02   1.0840000e+01
   3.4237500e+00   2.2275000e-01   1.0020000e+02   1.7545000e-02   8.1300000e+00
   3.5200000e+00   1.4960000e+00   1.1940000e+02   1.8645000e-02   8.0000000e+00
   3.7429150e+00   3.1356600e+00   1.1200000e+02   2.5575000e-02   1.0540000e+01
   3.5368300e+00   7.5162450e+00   1.0180000e+02   2.5575000e-02   9.7800000e+00
   3.9222150e+00   1.7296400e+00   1.0620000e+02   2.9755000e-02   1.3640000e+01
   3.9228750e+00   6.6710600e+00   1.0180000e+02   2.1505000e-02   8.3700000e+00
   3.8480200e+00   1.0633480e+01   1.0660000e+02   2.3210000e-02   1.0160000e+01
   4.1538750e+00   6.1008750e+00   1.2440000e+02   1.7545000e-02   9.1100000e+00
   4.0835300e+00   6.6779900e+00   1.1640000e+02   2.0570000e-02   8.1300000e+00
   3.9593950e+00   7.0106850e+00   1.1680000e+02   1.8645000e-02   8.5800000e+00
   3.9496050e+00   7.6945000e+00   1.1660000e+02   1.8645000e-02   8.6000000e+00
   4.2120100e+00   3.0639950e+00   1.1200000e+02   2.0570000e-02   8.6400000e+00
   4.2631050e+00   5.6277100e+00   1.1000000e+02   1.8645000e-02   8.0700000e+00
   4.2343400e+00   5.8568400e+00   1.2460000e+02   1.7545000e-02   1.1030000e+01
   4.1309400e+00   6.3281900e+00   1.2460000e+02   2.1505000e-02   8.4500000e+00
   4.2478150e+00   6.5569350e+00   1.2500000e+02   2.6345000e-02   9.7900000e+00
   4.3216250e+00   6.7999250e+00   1.2520000e+02   2.7775000e-02   1.2770000e+01
   4.0602100e+00   1.0430090e+01   1.0100000e+02   5.1205000e-02   8.0200000e+00
   4.3156850e+00   1.0712185e+01   1.0540000e+02   1.8645000e-02   8.3800000e+00
   4.5755050e+00   3.5002000e-01   1.0240000e+02   2.0570000e-02   1.0000000e+01
   4.5815000e+00   5.3762500e+00   1.2440000e+02   1.5180000e-02   8.6500000e+00
   4.6709300e+00   7.2477900e+00   1.2520000e+02   2.9755000e-02   1.4310000e+01
   4.5497100e+00   1.0442300e+01   1.0020000e+02   4.6035000e-02   8.1300000e+00
   4.6056450e+00   7.4717500e-01   1.2580000e+02   2.2385000e-02   8.1800000e+00
   4.8099700e+00   3.4544400e+00   1.2720000e+02   2.2385000e-02   9.0200000e+00
   4.6508000e+00   5.5500500e+00   1.1000000e+02   1.9635000e-02   9.4200000e+00
   4.6534950e+00   7.2800750e+00   1.1940000e+02   4.5595000e-02   8.0400000e+00
   4.9005000e+00   3.5200000e-01   1.0280000e+02   1.8645000e-02   9.6100000e+00
   5.1004800e+00   9.7097000e-01   1.0700000e+02   3.2835000e-02   1.0910000e+01
   4.9225000e+00   1.7270000e+00   1.0800000e+02   1.0725000e-02   8.0300000e+00
   4.9306400e+00   1.7585700e+00   1.0580000e+02   2.9755000e-02   1.3030000e+01
   5.0629700e+00   5.5367400e+00   1.0920000e+02   3.2835000e-02   8.1400000e+00
   4.9519250e+00   7.4407850e+00   1.2780000e+02   5.4450000e-02   8.8400000e+00
   5.0586800e+00   9.4209500e+00   1.2680000e+02   3.3440000e-02   9.5100000e+00
   5.2459000e+00   3.3055000e-01   1.0240000e+02   1.9635000e-02   9.5700000e+00
   5.2648750e+00   3.4718750e+00   1.2700000e+02   2.4805000e-02   9.8100000e+00
   5.1936500e+00   7.6496750e+00   1.0040000e+02   2.7775000e-02   1.1530000e+01
   5.4397750e+00   1.8136800e+00   1.0600000e+02   2.8435000e-02   1.1650000e+01
   5.4138150e+00   7.2697900e+00   1.2400000e+02   1.8645000e-02   8.2800000e+00
   5.4761850e+00   7.6468150e+00   1.0140000e+02   2.6345000e-02   1.3740000e+01
   5.4920800e+00   9.5061450e+00   1.2700000e+02   3.7235000e-02   9.9800000e+00
   5.3543600e+00   1.0317065e+01   1.0000000e+02   5.6210000e-02   8.6600000e+00
   5.6812800e+00   7.6125500e-01   1.2540000e+02   2.9095000e-02   9.0100000e+00
   5.6055450e+00   1.0232750e+00   1.0680000e+02   2.8435000e-02   1.2190000e+01
   5.7270950e+00   3.5357300e+00   1.2720000e+02   2.3210000e-02   1.0690000e+01
   5.6413500e+00   7.6015500e+00   1.0120000e+02   2.7775000e-02   1.2980000e+01
   5.8135000e+00   7.5185000e+00   1.0140000e+02   2.8435000e-02   1.2280000e+01
   6.1093450e+00   1.0960400e+00   1.0720000e+02   3.3440000e-02   1.2250000e+01
   5.9609000e+00   7.3749500e+00   1.2380000e+02   1.9635000e-02   8.3000000e+00
   6.1600000e+00   1.0992850e+00   1.0020000e+02   2.9755000e-02   8.1900000e+00
   6.6408100e+00   3.7959350e+00   1.2740000e+02   2.1505000e-02   9.5400000e+00
   6.4097550e+00   9.5623550e+00   1.2960000e+02   5.7915000e-02   8.1100000e+00
   6.7439350e+00   8.8396000e-01   1.2540000e+02   2.6345000e-02   8.7200000e+00
   6.8853400e+00   1.0979760e+01   1.0000000e+02   3.1020000e-02   9.2100000e+00
   6.8868800e+00   9.5340850e+00   1.2640000e+02   2.7060000e-02   1.0190000e+01
   7.0742100e+00   1.3068550e+00   1.0640000e+02   2.9755000e-02   1.1870000e+01
   7.0310900e+00   6.0135900e+00   1.0260000e+02   5.5880000e-02   1.0870000e+01
   7.3562500e+00   6.3827500e+00   1.0260000e+02   1.2430000e-02   1.4380000e+01
   7.2618150e+00   6.7430000e+00   1.1660000e+02   2.6345000e-02   9.6300000e+00
   7.4154300e+00   7.4605850e+00   1.1880000e+02   4.5210000e-02   8.9100000e+00
   7.2469650e+00   8.0915450e+00   1.1660000e+02   2.4805000e-02   1.1240000e+01
   7.0694800e+00   8.3340950e+00   1.1720000e+02   2.3210000e-02   9.3100000e+00
   7.5247150e+00   3.7022150e+00   1.1400000e+02   1.7545000e-02   8.7600000e+00
   7.2172650e+00   6.1912400e+00   1.0280000e+02   5.7915000e-02   1.1150000e+01
   7.3833650e+00   6.3945200e+00   1.0280000e+02   5.5880000e-02   1.1920000e+01
   7.3856750e+00   7.0984100e+00   1.1640000e+02   2.2385000e-02   9.8400000e+00
   7.3531150e+00   9.4662700e+00   1.2600000e+02   2.3210000e-02   9.5100000e+00
   7.3615300e+00   1.0758000e+01   1.0020000e+02   4.3890000e-02   1.0110000e+01
   7.5447900e+00   1.4419350e+00   1.0640000e+02   2.6345000e-02   1.0520000e+01
   7.6998900e+00   7.1441700e+00   1.0280000e+02   5.5880000e-02   1.0560000e+01
   7.4602550e+00   6.3903400e+00   1.1720000e+02   2.5575000e-02   9.0000000e+00
   7.6298200e+00   6.8740100e+00   1.0280000e+02   5.8905000e-02   1.1090000e+01
   8.1709650e+00   3.5645500e-01   1.1780000e+02   2.4805000e-02   9.1400000e+00
   8.0057450e+00   7.8908500e-01   1.0460000e+02   2.5575000e-02   9.4100000e+00
   8.3561500e+00   3.7598000e+00   1.1380000e+02   1.9635000e-02   9.0200000e+00
   8.2487900e+00   7.2970150e+00   1.0280000e+02   3.9270000e-02   9.6000000e+00
   8.1482500e+00   7.9200000e+00   1.0300000e+02   1.5180000e-02   8.1200000e+00
   7.9420000e+00   8.4810000e+00   1.0120000e+02   2.2385000e-02   9.9100000e+00
   8.2709000e+00   9.3765650e+00   1.0720000e+02   1.0516000e-01   8.0400000e+00
   8.2091900e+00   1.0137655e+01   1.0940000e+02   2.7060000e-02   8.4300000e+00
   8.1819100e+00   6.4756450e+00   1.0160000e+02   2.2385000e-02   1.0670000e+01
   8.2445000e+00   6.8805000e+00   1.0140000e+02   2.2385000e-02   1.2180000e+01
   8.1895000e+00   7.5007900e+00   1.0280000e+02   1.8645000e-02   8.2400000e+00
   8.0998500e+00   8.0933600e+00   1.0300000e+02   3.2230000e-02   8.6300000e+00
   8.5440850e+00   9.0092200e+00   1.0920000e+02   4.6860000e-02   8.4300000e+00
   8.2770600e+00   9.3030300e+00   1.2580000e+02   4.8455000e-02   8.2200000e+00
   8.2602300e+00   1.0169390e+01   1.0000000e+02   4.8895000e-02   1.1740000e+01
   8.3827700e+00   3.1663500e-01   1.2280000e+02   2.3210000e-02   8.9400000e+00
   8.4510800e+00   5.7414500e-01   1.0560000e+02   2.6345000e-02   8.5000000e+00
   8.4706600e+00   9.5958500e-01   1.0360000e+02   2.5575000e-02   1.0270000e+01
   8.4739050e+00   4.2191600e+00   1.1360000e+02   2.5575000e-02   9.3900000e+00
   8.6073900e+00   8.9534500e+00   1.1900000e+02   5.6210000e-02   8.2500000e+00
   8.5962800e+00   9.0063600e+00   1.2800000e+02   1.1627000e-01   1.0090000e+01
   8.3034600e+00   9.3490650e+00   1.1600000e+02   2.6345000e-02   8.8200000e+00
   8.6815850e+00   4.2223500e-01   1.2420000e+02   2.5575000e-02   9.4300000e+00
   8.8372900e+00   7.9200000e-01   1.0700000e+02   3.7235000e-02   8.8600000e+00
   8.8017050e+00   4.1081700e+00   1.1420000e+02   2.4805000e-02   9.7700000e+00
   9.0081200e+00   7.5011200e+00   1.1920000e+02   2.7060000e-02   9.5300000e+00
   9.0273150e+00   8.1711300e+00   1.0500000e+02   5.4450000e-02   8.5000000e+00
   8.5995800e+00   9.0665850e+00   1.0560000e+02   5.2305000e-02   8.1100000e+00
   8.6726200e+00   9.8256400e+00   1.0480000e+02   1.0197000e-01   8.3000000e+00
   8.9848550e+00   5.5572000e-01   1.2340000e+02   2.9755000e-02   9.6200000e+00
   8.9293600e+00   1.1380050e+00   1.0340000e+02   2.8435000e-02   1.1830000e+01
   8.9136850e+00   1.6869600e+00   1.1660000e+02   2.6345000e-02   9.3100000e+00
   9.0129050e+00   3.8896550e+00   1.0000000e+02   2.3210000e-02   1.1250000e+01
   9.0559150e+00   7.1074850e+00   1.1900000e+02   2.4035000e-02   9.5900000e+00
   8.6413250e+00   8.9776500e+00   1.2320000e+02   2.7775000e-02   9.8500000e+00
   8.6513350e+00   9.0103200e+00   1.0960000e+02   3.5640000e-02   8.2700000e+00
   8.6966550e+00   9.8451100e+00   1.0440000e+02   4.8895000e-02   8.2900000e+00
   9.1645950e+00   1.0413975e+01   1.0040000e+02   9.7515000e-02   8.0500000e+00
   9.0140050e+00   1.0721865e+01   1.1780000e+02   2.8435000e-02   9.7400000e+00
   9.2307600e+00   1.0392800e+00   1.0660000e+02   4.1195000e-02   1.0300000e+01
   9.2015000e+00   4.4935000e+00   1.1300000e+02   3.1020000e-02   9.5400000e+00
   9.2565000e+00   4.9049000e+00   1.1400000e+02   1.9635000e-02   8.5400000e+00
   9.0467300e+00   6.7048850e+00   1.1880000e+02   2.3210000e-02   9.0400000e+00
   9.3197500e+00   7.1534650e+00   1.3440000e+02   1.7545000e-02   9.4000000e+00
   9.2597450e+00   7.6855350e+00   1.2380000e+02   1.2100000e-01   1.0170000e+01
   9.0981000e+00   8.1712950e+00   1.2720000e+02   1.1858000e-01   1.1190000e+01
   9.0977150e+00   8.2370750e+00   1.0000000e+02   9.1190000e-02   8.2400000e+00
   9.0457400e+00   9.4454250e+00   1.0000000e+02   5.0050000e-02   1.0170000e+01
   9.3895450e+00   1.9035500e+00   1.1680000e+02   2.8435000e-02   9.8200000e+00
   9.2647500e+00   4.2652500e+00   1.0000000e+02   2.3210000e-02   1.1620000e+01
   9.4728150e+00   4.6665850e+00   1.0000000e+02   2.4035000e-02   1.2480000e+01
   9.3500000e+00   7.1390000e+00   1.1240000e+02   5.2690000e-02   9.2200000e+00
   9.3525300e+00   7.1694700e+00   1.2940000e+02   9.8120000e-02   8.6200000e+00
   9.1117400e+00   8.1363150e+00   1.0120000e+02   1.2100000e-01   8.1600000e+00
   9.5164850e+00   9.9803550e+00   1.1240000e+02   6.9135000e-02   8.2300000e+00
   9.3988950e+00   1.0362935e+01   1.1660000e+02   2.6345000e-02   8.8500000e+00
   9.5643350e+00   8.0899500e-01   1.2480000e+02   3.6190000e-02   9.0200000e+00
   9.7432500e+00   5.5201850e+00   1.0020000e+02   2.1505000e-02   1.1880000e+01
   9.8037500e+00   5.9690950e+00   1.0020000e+02   2.3210000e-02   8.9900000e+00
   9.2970900e+00   7.6406550e+00   1.0880000e+02   3.3440000e-02   8.8300000e+00
   9.2993450e+00   7.6811900e+00   1.1360000e+02   3.5640000e-02   8.8900000e+00
   9.1694900e+00   8.1699750e+00   1.3220000e+02   4.6420000e-02   8.3800000e+00
   9.5224250e+00   1.0044595e+01   1.0020000e+02   8.5085000e-02   8.2400000e+00
   9.8078200e+00   1.5237750e+00   1.0300000e+02   2.8435000e-02   1.0850000e+01
   9.8404350e+00   2.1468150e+00   1.1700000e+02   3.0415000e-02   1.1200000e+01
   9.8490700e+00   5.3648100e+00   1.1420000e+02   2.7060000e-02   8.9100000e+00
   9.7813650e+00   9.8127700e+00   1.0860000e+02   2.3210000e-02   8.7000000e+00
   9.7550750e+00   1.0009395e+01   1.1900000e+02   3.1625000e-02   8.1600000e+00
   9.9524150e+00   1.5799300e+00   1.0600000e+02   3.8280000e-02   8.4000000e+00
   9.8202500e+00   2.1715650e+00   1.2060000e+02   2.1505000e-02   8.1900000e+00
   1.0124840e+01   4.3883400e+00   1.1600000e+02   1.7545000e-02   8.0400000e+00
   1.0101025e+01   5.8369850e+00   1.1480000e+02   2.0570000e-02   8.7300000e+00
   1.0093215e+01   6.1387150e+00   1.0940000e+02   1.7545000e-02   8.9500000e+00
   1.0078530e+01   9.2473700e+00   1.0000000e+02   9.8505000e-02   8.5100000e+00
   1.0226590e+01   1.7263400e+00   1.0320000e+02   2.4805000e-02   8.8800000e+00
   1.0287970e+01   1.8687350e+00   1.0680000e+02   2.2385000e-02   8.6900000e+00
   1.0170710e+01   6.5651850e+00   1.0940000e+02   1.8645000e-02   8.9700000e+00
   1.0216635e+01   6.9999050e+00   1.0980000e+02   1.6445000e-02   8.1300000e+00
   1.0177200e+01   7.8756150e+00   1.0940000e+02   2.4035000e-02   8.0400000e+00
   1.0307000e+01   8.8071500e+00   1.0000000e+02   1.1374000e-01   8.5500000e+00
   1.0375310e+01   5.6400300e+00   1.3500000e+02   3.0415000e-02   8.0400000e+00
   1.0433500e+01   7.2624200e+00   1.3400000e+02   2.6345000e-02   8.0100000e+00
   1.0481845e+01   8.3575250e+00   1.0000000e+02   1.1187000e-01   8.1700000e+00
   1.0088045e+01   9.3332800e+00   1.1700000e+02   5.1920000e-02   8.4500000e+00
   1.0778020e+01   1.8360100e+00   1.1680000e+02   2.0570000e-02   8.1100000e+00
   1.0722635e+01   2.5720750e+00   1.2780000e+02   2.9755000e-02   8.1700000e+00
   1.0641620e+01   2.6935700e+00   1.1680000e+02   2.7060000e-02   9.2100000e+00
   1.0625340e+01   3.9277150e+00   1.1520000e+02   1.7545000e-02   8.4500000e+00
