   1.5400000e-01   6.1710000e+00   1.0280000e+02   1.6445000e-02   8.0500000e+00
   2.5300000e-01   8.4722000e-01   1.0020000e+02   3.1625000e-02   8.7200000e+00
   2.1703000e-01   1.4460050e+00   1.0360000e+02   2.0570000e-02   8.0500000e+00
   4.7965500e-01   1.7623650e+00   1.2320000e+02   2.3210000e-02   8.1700000e+00
   4.0254500e-01   6.3000300e+00   1.0120000e+02   3.1625000e-02   1.0690000e+01
   3.7631000e-01   7.4250000e+00   1.0220000e+02   4.3010000e-02   1.0230000e+01
   7.3755000e-02   8.3338750e+00   1.0740000e+02   6.1765000e-02   9.2900000e+00
   4.5666500e-01   9.1862100e+00   1.0000000e+02   5.8245000e-02   8.4000000e+00
   7.4085000e-01   9.7207000e+00   1.3200000e+02   2.7775000e-02   9.0700000e+00
   6.2304000e-01   2.2076450e+00   1.1080000e+02   2.6345000e-02   8.2200000e+00
   3.6503500e-01   6.5883400e+00   1.0140000e+02   4.6860000e-02   1.2610000e+01
   3.3462000e-01   7.1567100e+00   1.1160000e+02   8.3050000e-02   8.0200000e+00
   4.2493000e-01   7.6820700e+00   1.0220000e+02   5.3405000e-02   8.8700000e+00
   9.7691000e-01   9.9888250e+00   1.0420000e+02   2.2385000e-02   8.7700000e+00
   1.0159050e+00   2.0356600e+00   1.0980000e+02   2.5575000e-02   8.3500000e+00
   4.1211500e-01   6.5959300e+00   1.0500000e+02   3.2230000e-02   8.2200000e+00
   4.5490500e-01   7.6744800e+00   1.0000000e+02   2.3210000e-02   9.6800000e+00
   7.1104000e-01   9.5830350e+00   1.0000000e+02   5.7200000e-02   9.1100000e+00
   1.0996150e+00   3.4829850e+00   1.2640000e+02   2.4035000e-02   8.2100000e+00
   1.0981850e+00   4.2783950e+00   1.0440000e+02   1.8645000e-02   8.1100000e+00
   7.5113500e-01   9.5759400e+00   1.1080000e+02   7.8760000e-02   8.0500000e+00
   1.0007800e+00   9.9558250e+00   1.0000000e+02   5.4120000e-02   8.7800000e+00
   1.3166450e+00   6.5268500e-01   1.2260000e+02   2.6345000e-02   8.0500000e+00
   1.0311400e+00   9.9243650e+00   1.0740000e+02   4.5595000e-02   8.2000000e+00
   1.0302600e+00   9.9594550e+00   1.0320000e+02   3.9765000e-02   9.3200000e+00
   1.3145000e+00   6.5447250e+00   1.3500000e+02   4.6035000e-02   8.0900000e+00
   1.5798750e+00   7.2789200e+00   1.0500000e+02   2.4805000e-02   1.1110000e+01
   1.5683250e+00   8.2690300e+00   1.3000000e+02   2.2385000e-02   1.0160000e+01
   1.5963200e+00   1.0095470e+01   1.3500000e+02   5.1205000e-02   9.2800000e+00
   1.6626500e+00   4.8015000e-01   1.2400000e+02   1.9635000e-02   9.0200000e+00
   1.7174850e+00   3.7730000e+00   1.0480000e+02   2.0570000e-02   1.0330000e+01
   1.7985000e+00   5.7640000e+00   1.3040000e+02   1.8645000e-02   9.8900000e+00
   1.7196850e+00   6.0671050e+00   1.3060000e+02   1.8645000e-02   8.4900000e+00
   1.6760150e+00   6.5775050e+00   1.0460000e+02   2.0570000e-02   9.9400000e+00
   1.5537500e+00   7.0372500e+00   1.0480000e+02   2.3210000e-02   9.0800000e+00
   1.6594050e+00   7.5157500e+00   1.0460000e+02   2.3210000e-02   1.1480000e+01
   1.6137000e+00   7.6417000e+00   1.3000000e+02   2.4035000e-02   1.0560000e+01
   1.5714050e+00   7.9557500e+00   1.2980000e+02   2.3210000e-02   1.0070000e+01
   1.8535000e+00   1.7261750e+00   1.1020000e+02   2.2385000e-02   1.2440000e+01
   1.9176850e+00   5.4711250e+00   1.3020000e+02   2.1505000e-02   9.7200000e+00
   1.8020200e+00   6.3749950e+00   1.0440000e+02   2.0570000e-02   1.0110000e+01
   1.9831350e+00   6.7689050e+00   1.2980000e+02   2.3210000e-02   1.0470000e+01
   1.8281450e+00   7.0370300e+00   1.2980000e+02   2.2385000e-02   1.2600000e+01
   1.8897450e+00   1.0263110e+01   1.3500000e+02   4.1195000e-02   1.2770000e+01
   1.6808000e+00   7.5715200e+00   1.3440000e+02   3.1020000e-02   9.0500000e+00
   2.1376850e+00   8.1021050e+00   1.3300000e+02   1.8645000e-02   1.0070000e+01
   2.2186450e+00   8.9286450e+00   1.2480000e+02   2.2385000e-02   1.0440000e+01
   1.9322050e+00   1.0252825e+01   1.3000000e+02   2.2385000e-02   9.3900000e+00
   2.3011450e+00   1.5945600e+00   1.1060000e+02   2.2385000e-02   1.1010000e+01
   2.3155000e+00   3.8500000e+00   1.3160000e+02   2.2385000e-02   9.7700000e+00
   2.3916750e+00   5.6535600e+00   1.1220000e+02   2.2385000e-02   9.6800000e+00
   2.3645050e+00   7.5589800e+00   1.2960000e+02   2.0570000e-02   1.1020000e+01
   2.4239050e+00   8.3462500e+00   1.3320000e+02   2.3210000e-02   1.0030000e+01
   2.6158000e+00   3.5647150e+00   1.3160000e+02   2.4035000e-02   8.0200000e+00
   2.2864600e+00   4.9148550e+00   1.3000000e+02   2.6345000e-02   1.0130000e+01
   2.5696550e+00   5.3000200e+00   1.1200000e+02   2.3210000e-02   9.8600000e+00
   2.5892900e+00   6.6531850e+00   1.0000000e+02   4.5595000e-02   9.5400000e+00
   2.5673450e+00   7.0042500e+00   1.2980000e+02   2.3210000e-02   1.1050000e+01
   2.4482150e+00   7.2812850e+00   1.2980000e+02   2.4035000e-02   1.2120000e+01
   2.6256450e+00   7.5089300e+00   1.0000000e+02   3.8775000e-02   1.0520000e+01
   2.5238950e+00   9.5223150e+00   1.2480000e+02   1.8645000e-02   9.2400000e+00
   2.5764750e+00   1.0513635e+01   1.3500000e+02   4.5210000e-02   1.0310000e+01
   2.7894350e+00   1.3410650e+00   1.0020000e+02   1.5180000e-02   9.4400000e+00
   2.8140750e+00   4.9775000e+00   1.1260000e+02   2.5575000e-02   8.9700000e+00
   2.9070800e+00   6.4714650e+00   1.2960000e+02   2.4805000e-02   1.3700000e+01
   2.7232700e+00   7.7956450e+00   1.0000000e+02   4.4330000e-02   1.0090000e+01
   2.8656650e+00   8.0721850e+00   1.0000000e+02   3.8775000e-02   8.1800000e+00
   2.7543450e+00   8.5670200e+00   1.3360000e+02   2.3210000e-02   8.0900000e+00
   2.7124900e+00   9.8024850e+00   1.2480000e+02   2.0570000e-02   8.5500000e+00
   2.9658200e+00   3.3019250e+00   1.3140000e+02   2.5575000e-02   8.9600000e+00
   2.9755000e+00   7.4305000e+00   1.1560000e+02   1.6445000e-02   8.1600000e+00
   3.0965000e+00   8.5525000e+00   1.2060000e+02   2.0570000e-02   1.0760000e+01
   2.9293000e+00   1.0064450e+01   1.2440000e+02   1.9635000e-02   8.0600000e+00
   2.9605400e+00   1.0587170e+01   1.3500000e+02   3.7235000e-02   1.0240000e+01
   3.2518750e+00   1.2767150e+00   1.0060000e+02   2.4805000e-02   8.7200000e+00
   3.1618400e+00   2.7668300e+00   1.1420000e+02   2.4805000e-02   1.1380000e+01
   3.2885050e+00   3.8225000e+00   1.0700000e+02   2.0570000e-02   9.6500000e+00
   3.1914850e+00   4.4578600e+00   1.0000000e+02   5.0435000e-02   8.8800000e+00
   3.1262000e+00   6.2186850e+00   1.2960000e+02   2.4035000e-02   1.1520000e+01
   3.3499400e+00   9.1075600e+00   1.2080000e+02   2.1505000e-02   9.8200000e+00
   3.1771850e+00   9.7670650e+00   1.3260000e+02   2.6345000e-02   8.1900000e+00
   3.0650400e+00   1.0226315e+01   1.0920000e+02   3.7235000e-02   1.0130000e+01
   3.1995150e+00   1.0356500e+01   1.0020000e+02   4.8070000e-02   1.0330000e+01
   3.4897500e+00   4.4415800e+00   1.1220000e+02   2.4805000e-02   1.1330000e+01
   3.4778150e+00   9.9183150e+00   1.3220000e+02   2.4035000e-02   1.0780000e+01
   3.4167100e+00   1.0422830e+01   1.0980000e+02   3.7235000e-02   1.2040000e+01
   3.4237500e+00   2.2275000e-01   1.0020000e+02   1.7545000e-02   8.1300000e+00
   3.6276350e+00   2.6090900e+00   1.1420000e+02   2.8435000e-02   1.1280000e+01
   3.6653650e+00   3.6398450e+00   1.0700000e+02   2.3210000e-02   9.4500000e+00
   3.4477300e+00   4.5359050e+00   1.2720000e+02   1.6445000e-02   8.2100000e+00
   3.2917500e+00   6.9052500e+00   1.1580000e+02   1.9635000e-02   9.0600000e+00
   3.9916250e+00   7.1479650e+00   1.3420000e+02   1.7545000e-02   9.3200000e+00
   3.5360050e+00   9.3514850e+00   1.2080000e+02   2.0570000e-02   8.1000000e+00
   3.7562250e+00   9.5603750e+00   1.2080000e+02   2.7775000e-02   9.2800000e+00
   3.5305050e+00   1.0509785e+01   1.0000000e+02   4.5210000e-02   1.1380000e+01
   3.8126000e+00   2.8486150e+00   1.3160000e+02   2.4035000e-02   1.0580000e+01
   3.8959800e+00   4.2409950e+00   1.1220000e+02   2.0570000e-02   9.5900000e+00
   3.9614850e+00   6.8450250e+00   1.3140000e+02   4.9665000e-02   8.6400000e+00
   3.9903600e+00   7.1182100e+00   1.3080000e+02   2.9755000e-02   1.1270000e+01
   4.2933550e+00   2.6699200e+00   1.3200000e+02   2.6345000e-02   8.0800000e+00
   4.1085000e+00   2.4915000e+00   1.1420000e+02   2.4035000e-02   1.2600000e+01
   4.0615300e+00   3.4889800e+00   1.0680000e+02   2.0570000e-02   9.8400000e+00
   4.1126250e+00   9.4746850e+00   1.1520000e+02   2.1505000e-02   1.0890000e+01
   4.0198400e+00   7.1176600e+00   1.3340000e+02   2.5575000e-02   9.1400000e+00
   4.3832800e+00   7.8531750e+00   1.3100000e+02   3.2230000e-02   1.1500000e+01
   4.1690000e+00   1.0143485e+01   1.3180000e+02   2.0570000e-02   8.3300000e+00
   4.2762500e+00   1.0745020e+01   1.0080000e+02   4.1195000e-02   9.0500000e+00
   4.5619750e+00   3.4266100e+00   1.0000000e+02   4.7245000e-02   9.7400000e+00
   4.5941500e+00   5.3559000e+00   1.2380000e+02   1.9635000e-02   8.0100000e+00
   4.2017250e+00   7.6231650e+00   1.3300000e+02   3.9270000e-02   9.2400000e+00
   4.3774500e+00   7.7803000e+00   1.3240000e+02   1.9635000e-02   8.1300000e+00
   4.6101550e+00   8.0502400e+00   1.3040000e+02   2.7060000e-02   9.4300000e+00
   4.3852050e+00   8.9104400e+00   1.0000000e+02   2.2385000e-02   8.9700000e+00
   4.6832500e+00   9.0887500e+00   1.0000000e+02   2.3210000e-02   1.1890000e+01
   4.5066450e+00   9.5501450e+00   1.1520000e+02   2.2385000e-02   1.3420000e+01
   4.5452000e+00   1.0214215e+01   1.3180000e+02   2.4035000e-02   8.2400000e+00
   4.7397900e+00   2.0922000e+00   1.2940000e+02   4.1635000e-02   8.2000000e+00
   4.9423000e+00   1.0252000e+01   1.3300000e+02   3.1020000e-02   8.1600000e+00
   4.6795100e+00   1.0799855e+01   1.0000000e+02   4.3450000e-02   9.0100000e+00
   5.1095000e+00   2.3512500e+00   1.1420000e+02   2.9095000e-02   1.3720000e+01
   4.9511000e+00   3.3696300e+00   1.0000000e+02   4.6035000e-02   1.0100000e+01
   4.9147450e+00   7.3928250e+00   1.0100000e+02   3.8775000e-02   1.1020000e+01
   5.1411250e+00   7.5996250e+00   1.0560000e+02   1.2430000e-02   9.2700000e+00
   5.2263750e+00   2.0380800e+00   1.2860000e+02   4.3010000e-02   1.0970000e+01
   5.3378050e+00   3.3582450e+00   1.0000000e+02   4.8455000e-02   1.0260000e+01
   5.1758300e+00   7.5726750e+00   1.0000000e+02   5.0435000e-02   1.3760000e+01
   5.1042200e+00   1.0831865e+01   1.0080000e+02   3.2835000e-02   8.9000000e+00
   5.7042150e+00   5.3775700e+00   1.2300000e+02   7.7495000e-02   8.2400000e+00
   5.6540550e+00   5.3767450e+00   1.3360000e+02   5.5495000e-02   8.9300000e+00
   5.6741850e+00   5.4807500e+00   1.1660000e+02   4.8070000e-02   9.1800000e+00
   5.4342200e+00   7.5687150e+00   1.0260000e+02   3.0415000e-02   8.7500000e+00
   5.3240000e+00   9.4325000e+00   1.1500000e+02   2.0570000e-02   1.1360000e+01
   5.2025600e+00   1.0783190e+01   1.0820000e+02   2.1505000e-02   8.7400000e+00
   5.7205500e+00   2.0116250e+00   1.2880000e+02   3.9270000e-02   1.1290000e+01
   5.6074150e+00   2.3311200e+00   1.1400000e+02   2.7060000e-02   1.1270000e+01
   5.7313300e+00   5.4906500e+00   1.0360000e+02   4.3890000e-02   9.2000000e+00
   5.6877150e+00   6.5072150e+00   1.0320000e+02   1.7545000e-02   8.5300000e+00
   5.7522850e+00   7.8249050e+00   1.0440000e+02   5.4120000e-02   8.0300000e+00
   5.8905000e+00   8.9430000e+00   1.0280000e+02   2.4035000e-02   9.2300000e+00
   5.9248750e+00   8.9394250e+00   1.0020000e+02   5.6540000e-02   1.0000000e+01
   5.7062500e+00   9.2549050e+00   1.1480000e+02   2.3210000e-02   1.0810000e+01
   6.0656750e+00   3.4838100e+00   1.0460000e+02   3.5640000e-02   9.8700000e+00
   5.7918850e+00   5.3413800e+00   1.0620000e+02   4.6420000e-02   8.0700000e+00
   5.8664100e+00   7.7144100e+00   1.0080000e+02   2.2385000e-02   9.6700000e+00
   5.6544950e+00   8.9415150e+00   1.0020000e+02   5.1535000e-02   8.2500000e+00
   5.7389750e+00   9.4008750e+00   1.0000000e+02   2.7775000e-02   8.7100000e+00
   6.1392650e+00   1.1214500e-01   1.0740000e+02   2.2385000e-02   1.0140000e+01
   6.1105000e+00   3.4771000e+00   1.0000000e+02   5.5880000e-02   9.8900000e+00
   6.2277600e+00   5.0531800e+00   1.2860000e+02   7.0785000e-02   8.8700000e+00
   5.9126650e+00   5.2516200e+00   1.0200000e+02   1.0549000e-01   8.5200000e+00
   6.0885000e+00   7.8815000e+00   1.0060000e+02   2.8435000e-02   1.0360000e+01
   6.1325000e+00   8.0355000e+00   1.0280000e+02   1.8645000e-02   1.0780000e+01
   6.0623750e+00   9.0113100e+00   1.1500000e+02   2.1505000e-02   9.7000000e+00
   6.1241400e+00   9.4184200e+00   1.0000000e+02   2.9755000e-02   8.4500000e+00
   6.3790650e+00   9.7651400e+00   1.0000000e+02   4.4770000e-02   9.0900000e+00
   6.2337000e+00   5.1390900e+00   1.0200000e+02   1.0912000e-01   1.0000000e+01
   6.2345250e+00   5.1818250e+00   1.0260000e+02   3.9270000e-02   1.0250000e+01
   6.4422050e+00   7.7169400e+00   1.0040000e+02   2.2385000e-02   1.0840000e+01
   6.3971600e+00   7.8931600e+00   1.0000000e+02   4.3890000e-02   1.1330000e+01
   6.4499050e+00   7.9227500e+00   1.1080000e+02   2.3210000e-02   1.0310000e+01
   6.3855000e+00   8.4526750e+00   1.0420000e+02   2.2385000e-02   9.8500000e+00
   6.4900550e+00   3.5915000e+00   1.0000000e+02   5.2690000e-02   9.4000000e+00
   6.4392350e+00   5.1185200e+00   1.0180000e+02   1.1049500e-01   8.9600000e+00
   6.4361000e+00   5.1773150e+00   1.0020000e+02   2.4035000e-02   8.4300000e+00
   6.6634150e+00   6.5744250e+00   1.0120000e+02   2.5575000e-02   9.9600000e+00
   6.4902750e+00   7.0101350e+00   1.0000000e+02   3.7730000e-02   9.1800000e+00
   6.5984050e+00   8.1400000e+00   1.0280000e+02   1.6445000e-02   8.9200000e+00
   6.5045750e+00   8.7673300e+00   1.0000000e+02   5.7200000e-02   8.5000000e+00
   6.7313950e+00   2.0770200e+00   1.3200000e+02   4.1195000e-02   1.0450000e+01
   6.6495000e+00   5.2030000e+00   1.0020000e+02   1.8645000e-02   1.1790000e+01
   6.4728400e+00   5.1759400e+00   1.1660000e+02   5.6540000e-02   8.2600000e+00
   6.7182500e+00   6.2755000e+00   1.0560000e+02   1.9635000e-02   8.0800000e+00
   6.6245300e+00   6.9215300e+00   1.0000000e+02   4.3010000e-02   1.1180000e+01
   6.6396000e+00   8.3530150e+00   1.0420000e+02   2.4035000e-02   1.2180000e+01
   6.7733050e+00   8.5926500e+00   1.0000000e+02   5.8245000e-02   9.1400000e+00
   6.7928850e+00   9.1674000e+00   1.0220000e+02   2.4035000e-02   1.0190000e+01
   6.7502600e+00   1.0615880e+01   1.0000000e+02   3.1020000e-02   1.1160000e+01
   6.7430000e+00   2.0075000e+00   1.2120000e+02   1.0725000e-02   8.9200000e+00
   6.8124100e+00   5.2152650e+00   1.0020000e+02   2.2385000e-02   9.2700000e+00
   7.0969250e+00   5.7471700e+00   1.1020000e+02   6.0500000e-02   8.6500000e+00
   7.0751450e+00   5.7716450e+00   1.0220000e+02   7.1280000e-02   9.8800000e+00
   7.0418150e+00   6.2823750e+00   1.0320000e+02   2.1505000e-02   8.0500000e+00
   6.7311200e+00   6.5357600e+00   1.0060000e+02   2.7060000e-02   9.5500000e+00
   6.8689500e+00   6.5793750e+00   1.0000000e+02   4.6860000e-02   9.1400000e+00
   6.8454100e+00   7.0924700e+00   1.0560000e+02   2.2385000e-02   9.1000000e+00
   7.0279000e+00   7.6010000e+00   1.1060000e+02   1.9635000e-02   1.0580000e+01
   6.8441450e+00   7.7571450e+00   1.1060000e+02   2.2385000e-02   1.0370000e+01
   7.1907550e+00   5.8611850e+00   1.0380000e+02   4.4330000e-02   8.8900000e+00
   6.9877500e+00   6.3855000e+00   1.0040000e+02   2.4805000e-02   9.8200000e+00
   7.1984000e+00   6.4460000e+00   1.0320000e+02   1.9635000e-02   1.0920000e+01
   7.1949350e+00   7.3979400e+00   1.1040000e+02   2.1505000e-02   9.4600000e+00
   7.1178250e+00   8.0168000e+00   1.0400000e+02   2.7775000e-02   1.0700000e+01
   7.3106000e+00   1.0738200e+01   1.2120000e+02   2.4035000e-02   8.2100000e+00
   7.2277150e+00   2.1292150e+00   1.2820000e+02   3.8280000e-02   1.1060000e+01
   7.3106000e+00   5.9439600e+00   1.0140000e+02   6.6000000e-02   8.3100000e+00
   7.5100850e+00   7.5645350e+00   1.0380000e+02   2.7060000e-02   1.0780000e+01
   7.3268250e+00   7.8020250e+00   1.0400000e+02   2.7775000e-02   1.1060000e+01
   7.7064350e+00   8.6849400e+00   1.0180000e+02   2.1505000e-02   9.8000000e+00
   7.4286850e+00   1.0645580e+01   1.0660000e+02   1.8645000e-02   9.1700000e+00
   7.6025950e+00   2.6529800e+00   1.0420000e+02   2.3210000e-02   8.5400000e+00
   7.5650850e+00   6.1241400e+00   1.1700000e+02   1.2958000e-01   8.3200000e+00
   7.3802850e+00   8.9739650e+00   1.0060000e+02   4.8895000e-02   8.0100000e+00
   7.5595300e+00   1.0196175e+01   1.0000000e+02   3.9765000e-02   8.8600000e+00
   7.7016500e+00   6.2203900e+00   1.0220000e+02   7.0785000e-02   1.0660000e+01
   7.8821600e+00   8.2797550e+00   1.2980000e+02   2.5575000e-02   9.9400000e+00
   7.9476650e+00   9.9364650e+00   1.0000000e+02   3.3990000e-02   9.5300000e+00
   7.8298000e+00   1.0423215e+01   1.0700000e+02   2.4035000e-02   9.2600000e+00
   8.0776850e+00   6.4960500e-01   1.3500000e+02   2.6345000e-02   9.1800000e+00
   8.0649800e+00   2.8164950e+00   1.0420000e+02   2.0570000e-02   9.7200000e+00
   8.0948450e+00   3.7565000e+00   1.0560000e+02   2.3210000e-02   1.0100000e+01
   7.6184900e+00   6.1130850e+00   1.0620000e+02   3.6190000e-02   8.3500000e+00
   7.7041250e+00   6.2530050e+00   1.0440000e+02   3.5090000e-02   8.2000000e+00
   8.1258100e+00   8.2894350e+00   1.0160000e+02   2.1505000e-02   1.0710000e+01
   8.3160000e+00   1.6390000e+00   1.3460000e+02   1.6445000e-02   8.0500000e+00
   8.3537300e+00   4.1753800e+00   1.0160000e+02   4.0700000e-02   8.9700000e+00
   8.0808750e+00   5.0558750e+00   1.0060000e+02   2.1505000e-02   8.6200000e+00
   8.3329950e+00   5.3039800e+00   1.0080000e+02   2.0570000e-02   9.6800000e+00
   8.3145150e+00   9.6314350e+00   1.0000000e+02   3.3990000e-02   9.4500000e+00
   8.1305950e+00   9.9333850e+00   1.3180000e+02   2.3210000e-02   8.4100000e+00
   8.4408500e+00   7.6450000e-01   1.3500000e+02   3.2230000e-02   1.0380000e+01
   8.4507500e+00   7.9200000e-01   1.3340000e+02   8.8000000e-03   8.6500000e+00
   8.5140000e+00   3.0148250e+00   1.0420000e+02   2.2385000e-02   8.1400000e+00
   8.4425000e+00   3.9380000e+00   1.0400000e+02   1.0725000e-02   8.1600000e+00
   8.4837500e+00   4.5430000e+00   1.2940000e+02   2.6345000e-02   1.1230000e+01
   8.6830700e+00   4.8969250e+00   1.2780000e+02   3.6190000e-02   9.6900000e+00
   8.5570650e+00   5.5724350e+00   1.0120000e+02   2.1505000e-02   1.0040000e+01
   8.8971850e+00   6.1773250e+00   1.0280000e+02   3.2230000e-02   8.2200000e+00
   8.5373200e+00   7.5453400e+00   1.2940000e+02   2.5575000e-02   8.0500000e+00
   8.4674700e+00   7.8189100e+00   1.0120000e+02   2.2385000e-02   8.9800000e+00
   8.3455900e+00   8.5002500e+00   1.2420000e+02   1.7545000e-02   8.0100000e+00
   8.7470900e+00   5.1056500e-01   1.0980000e+02   3.0415000e-02   9.5000000e+00
   8.4635650e+00   3.9670950e+00   1.0480000e+02   3.0415000e-02   9.7500000e+00
   8.7960950e+00   4.1976550e+00   1.0600000e+02   2.3210000e-02   1.1110000e+01
   8.7238250e+00   4.5161600e+00   1.0000000e+02   3.6190000e-02   1.1570000e+01
   8.8149050e+00   5.2669100e+00   1.2980000e+02   2.8435000e-02   1.1690000e+01
   8.7845450e+00   7.1269550e+00   1.2940000e+02   2.4805000e-02   9.1100000e+00
   8.5995250e+00   9.0484900e+00   1.3200000e+02   2.0570000e-02   8.0500000e+00
   8.8209550e+00   8.7824000e-01   1.3440000e+02   3.4540000e-02   9.6700000e+00
   9.0366650e+00   4.9101250e+00   1.0000000e+02   3.5090000e-02   1.1320000e+01
   8.9311750e+00   6.0590750e+00   1.3020000e+02   3.1625000e-02   1.4000000e+01
   8.9063150e+00   6.4593650e+00   1.3040000e+02   3.3990000e-02   1.1600000e+01
   9.5136250e+00   7.5421500e-01   1.3460000e+02   1.7545000e-02   9.1900000e+00
   9.2721200e+00   1.8711550e+00   1.0020000e+02   2.7060000e-02   8.9800000e+00
   9.3206850e+00   2.8815050e+00   1.1340000e+02   2.8435000e-02   9.0100000e+00
   9.3438400e+00   3.5174150e+00   1.0380000e+02   2.5575000e-02   1.0440000e+01
   9.4216650e+00   5.8588200e+00   1.0000000e+02   3.7730000e-02   1.3230000e+01
   9.4804600e+00   6.3705400e+00   1.0000000e+02   3.8775000e-02   1.1370000e+01
   9.6065200e+00   9.4930000e-01   1.0960000e+02   3.1020000e-02   1.0090000e+01
   9.6126250e+00   1.1118250e+00   1.3500000e+02   2.7775000e-02   1.2140000e+01
   9.5570200e+00   3.2011100e+00   1.0220000e+02   4.4770000e-02   9.9800000e+00
   9.3968600e+00   4.7335200e+00   1.0720000e+02   3.1020000e-02   9.8600000e+00
   9.6342950e+00   5.0329400e+00   1.0600000e+02   2.2385000e-02   9.3600000e+00
   9.4398150e+00   5.7814350e+00   1.2480000e+02   2.6345000e-02   9.0300000e+00
   9.8805300e+00   4.1448000e-01   1.3400000e+02   2.0570000e-02   8.8800000e+00
   9.6900650e+00   2.1752500e+00   1.0000000e+02   2.1505000e-02   8.7600000e+00
   9.6693850e+00   3.1302150e+00   1.1300000e+02   2.4035000e-02   1.0190000e+01
   9.8965900e+00   3.4342000e+00   1.0280000e+02   5.4450000e-02   1.0150000e+01
   9.7927500e+00   9.0887500e+00   1.1420000e+02   2.3210000e-02   9.3800000e+00
   9.9859650e+00   1.2486650e+00   1.3420000e+02   3.3990000e-02   8.0400000e+00
   1.0202170e+01   3.6836800e+00   1.0760000e+02   5.8245000e-02   8.5300000e+00
   1.0222795e+01   3.7159100e+00   1.0140000e+02   2.2385000e-02   9.1200000e+00
   1.0547735e+01   9.3032500e-01   1.2440000e+02   2.2385000e-02   8.4000000e+00
   1.0418045e+01   2.8589550e+00   1.0020000e+02   2.4805000e-02   9.7200000e+00
   1.0585575e+01   3.9655000e+00   1.1380000e+02   2.9755000e-02   9.9400000e+00
   1.0782365e+01   4.2485300e+00   1.0420000e+02   5.1920000e-02   1.0490000e+01
   1.0969200e+01   8.3171000e+00   1.2780000e+02   2.4035000e-02   8.7300000e+00
   1.0767185e+01   9.2810850e+00   1.0920000e+02   2.4035000e-02   9.1200000e+00
   1.0632765e+01   9.7637650e+00   1.0940000e+02   2.2385000e-02   8.5400000e+00
