   2.2946000e-01   2.6021050e+00   1.1060000e+02   2.6345000e-02   1.0250000e+01
   1.7561500e-01   2.8317850e+00   1.0280000e+02   2.4035000e-02   8.8000000e+00
   1.6131500e-01   4.7458400e+00   1.2020000e+02   4.3450000e-02   1.1050000e+01
   2.3424500e-01   5.9180000e+00   1.3120000e+02   2.5575000e-02   8.3400000e+00
   4.1569000e-01   1.2901900e+00   1.0600000e+02   2.1505000e-02   8.0800000e+00
   6.9602500e-01   4.0742350e+00   1.1320000e+02   5.3405000e-02   9.2400000e+00
   6.4993500e-01   4.0682950e+00   1.1520000e+02   3.6740000e-02   8.0800000e+00
   3.4265000e-01   5.0836500e+00   1.2780000e+02   1.9635000e-02   8.6400000e+00
   3.4226500e-01   1.0700910e+01   1.3360000e+02   2.2385000e-02   8.1100000e+00
   5.3487500e-01   1.6942750e+00   1.2720000e+02   2.7775000e-02   1.2640000e+01
   5.5066000e-01   2.3847450e+00   1.1080000e+02   2.5575000e-02   1.1570000e+01
   5.9801500e-01   3.0389150e+00   1.0140000e+02   2.4035000e-02   8.5900000e+00
   6.8370500e-01   4.0349100e+00   1.2300000e+02   2.2385000e-02   8.8000000e+00
   6.4691000e-01   4.8379100e+00   1.2760000e+02   2.2385000e-02   1.0350000e+01
   7.1698000e-01   8.1440150e+00   1.1660000e+02   2.9095000e-02   8.7200000e+00
   6.3607500e-01   1.0347645e+01   1.1920000e+02   2.9755000e-02   8.0600000e+00
   7.7374000e-01   1.0300950e+00   1.0100000e+02   3.4540000e-02   1.1970000e+01
   8.8379500e-01   1.6585250e+00   1.2700000e+02   3.3440000e-02   1.0350000e+01
   8.2126000e-01   2.5484800e+00   1.3340000e+02   2.9095000e-02   9.2100000e+00
   8.9452000e-01   7.1449950e+00   1.1820000e+02   2.0570000e-02   1.0690000e+01
   7.6725000e-01   8.4700000e+00   1.1780000e+02   2.4805000e-02   1.0500000e+01
   8.3781500e-01   8.7885600e+00   1.1780000e+02   2.1505000e-02   1.0040000e+01
   9.7306000e-01   2.7770600e+00   1.0140000e+02   2.2385000e-02   9.8500000e+00
   9.8615000e-01   3.7590300e+00   1.1880000e+02   3.5640000e-02   1.1110000e+01
   9.7861500e-01   4.5983850e+00   1.2780000e+02   2.4035000e-02   1.0910000e+01
   1.1462000e+00   5.5891000e+00   1.2500000e+02   1.9635000e-02   8.1500000e+00
   9.8175000e-01   5.8437500e+00   1.2260000e+02   2.1505000e-02   9.0100000e+00
   8.2775000e-01   6.0995000e+00   1.2200000e+02   1.9635000e-02   8.4500000e+00
   1.2069750e+00   9.5386500e-01   1.0240000e+02   3.9270000e-02   8.0800000e+00
   1.2076350e+00   1.0658450e+00   1.0740000e+02   2.3210000e-02   8.6400000e+00
   1.0053450e+00   3.7384050e+00   1.1720000e+02   2.3210000e-02   8.2000000e+00
   1.0175000e+00   3.7730000e+00   1.1560000e+02   1.0725000e-02   8.9800000e+00
   1.1719950e+00   5.6025200e+00   1.2220000e+02   2.0570000e-02   1.1570000e+01
   8.2285500e-01   7.4741700e+00   1.1580000e+02   2.6345000e-02   8.3500000e+00
   1.2655500e+00   1.9792300e+00   1.0960000e+02   3.3440000e-02   9.0300000e+00
   1.2473450e+00   2.3760000e+00   1.3220000e+02   2.7060000e-02   8.3100000e+00
   1.3852300e+00   2.5394050e+00   1.0140000e+02   2.3210000e-02   1.1500000e+01
   1.4787300e+00   2.8596150e+00   1.0080000e+02   2.3210000e-02   9.1800000e+00
   1.4994650e+00   3.7822950e+00   1.1000000e+02   2.4805000e-02   8.4000000e+00
   1.4331350e+00   9.6124050e+00   1.3140000e+02   2.8435000e-02   8.2900000e+00
   1.6417500e+00   1.7930000e+00   1.1100000e+02   2.1505000e-02   9.6800000e+00
   1.7020850e+00   2.2226600e+00   1.3300000e+02   2.5575000e-02   1.2180000e+01
   1.7847500e+00   4.4070950e+00   1.3000000e+02   2.3210000e-02   1.0970000e+01
   1.6195300e+00   5.1654900e+00   1.2200000e+02   2.0570000e-02   1.0040000e+01
   1.6874000e+00   6.3415000e+00   1.1900000e+02   1.9635000e-02   1.1380000e+01
   1.8544900e+00   6.6255200e+00   1.0000000e+02   2.9095000e-02   8.7300000e+00
   1.8223150e+00   7.3313900e+00   1.0000000e+02   4.3010000e-02   9.3900000e+00
   1.9070700e+00   1.0118240e+01   1.0060000e+02   3.6190000e-02   8.1500000e+00
   1.9658650e+00   2.6722300e+00   1.0040000e+02   2.3210000e-02   8.6400000e+00
   1.8955200e+00   5.9899950e+00   1.1920000e+02   2.0570000e-02   1.1700000e+01
   2.2100650e+00   1.0409300e+00   1.2180000e+02   2.9755000e-02   1.0340000e+01
   2.0879650e+00   4.1635000e+00   1.2980000e+02   2.4805000e-02   1.1100000e+01
   2.1532500e+00   5.6595000e+00   1.1920000e+02   1.9635000e-02   1.3560000e+01
   2.1661750e+00   6.1075300e+00   1.0000000e+02   2.2385000e-02   1.0770000e+01
   1.9831350e+00   6.2718700e+00   1.0000000e+02   4.1195000e-02   8.1600000e+00
   2.1890000e+00   6.6412500e+00   1.3260000e+02   2.1505000e-02   9.6200000e+00
   2.1239900e+00   6.9710300e+00   1.3260000e+02   2.0570000e-02   1.0830000e+01
   2.1190950e+00   7.4545900e+00   1.2300000e+02   3.6190000e-02   9.6000000e+00
   2.1012750e+00   7.7995500e+00   1.2080000e+02   2.7775000e-02   1.0400000e+01
   2.1880100e+00   7.9575100e+00   1.1300000e+02   2.0570000e-02   1.3010000e+01
   2.1342750e+00   8.1284500e+00   1.2080000e+02   2.7775000e-02   1.1480000e+01
   2.3113750e+00   2.1425800e+00   1.0140000e+02   2.4805000e-02   1.0390000e+01
   2.2968000e+00   3.3918500e+00   1.1000000e+02   1.9635000e-02   8.3800000e+00
   2.4277550e+00   3.9419050e+00   1.2980000e+02   2.5575000e-02   1.1750000e+01
   2.3615900e+00   5.4408750e+00   1.0000000e+02   2.4805000e-02   1.3030000e+01
   2.2311850e+00   5.7708750e+00   1.0000000e+02   2.1505000e-02   1.1220000e+01
   2.4665300e+00   6.5167300e+00   1.2140000e+02   2.9095000e-02   1.0900000e+01
   2.1450000e+00   7.4717500e+00   1.2360000e+02   1.2430000e-02   8.8900000e+00
   2.2742500e+00   8.4260000e+00   1.1320000e+02   2.4805000e-02   1.4060000e+01
   2.3752850e+00   8.6434150e+00   1.1300000e+02   2.4035000e-02   1.2840000e+01
   2.6150850e+00   1.3277000e+00   1.2320000e+02   2.4035000e-02   9.1900000e+00
   2.7221700e+00   2.0001850e+00   1.3280000e+02   2.6345000e-02   1.0230000e+01
   2.8175950e+00   1.9910000e+00   1.0120000e+02   1.6445000e-02   8.9800000e+00
   2.4887500e+00   2.5064050e+00   1.0040000e+02   2.3210000e-02   8.7600000e+00
   2.3042250e+00   6.8241250e+00   1.2120000e+02   2.7775000e-02   1.2770000e+01
   2.5668500e+00   8.0432000e+00   1.2080000e+02   1.9635000e-02   9.1800000e+00
   2.5099800e+00   8.8483450e+00   1.1260000e+02   2.3210000e-02   1.1510000e+01
   2.5281850e+00   9.0663650e+00   1.3340000e+02   2.8435000e-02   1.0050000e+01
   2.7293200e+00   9.3361400e+00   1.3340000e+02   3.1020000e-02   1.1870000e+01
   2.6620000e+00   9.9550000e-01   1.2060000e+02   2.5575000e-02   1.0840000e+01
   2.7683150e+00   2.4626250e+00   1.2840000e+02   2.1505000e-02   8.2500000e+00
   2.7918000e+00   5.0853000e+00   1.1940000e+02   2.4035000e-02   1.1910000e+01
   2.8490000e+00   7.9024000e+00   1.2460000e+02   1.9635000e-02   1.0440000e+01
   2.8172100e+00   8.2658950e+00   1.2460000e+02   1.8645000e-02   8.0000000e+00
   2.7778850e+00   8.6581550e+00   1.2060000e+02   2.3210000e-02   1.0330000e+01
   2.9629050e+00   1.0312500e+00   1.0040000e+02   2.3210000e-02   1.0190000e+01
   2.8004900e+00   4.8391200e+00   1.0080000e+02   3.8280000e-02   8.3300000e+00
   2.8572500e+00   6.9740000e+00   1.0000000e+02   1.2430000e-02   8.1300000e+00
   2.9205000e+00   7.5322500e+00   1.2440000e+02   1.9635000e-02   1.1560000e+01
   3.1244950e+00   7.9125200e+00   1.2180000e+02   2.0570000e-02   9.1600000e+00
   2.9654350e+00   8.9544400e+00   1.2060000e+02   2.1505000e-02   8.6900000e+00
   3.0685600e+00   1.0278565e+01   1.3160000e+02   2.1505000e-02   1.0960000e+01
   3.1329650e+00   9.5007000e-01   1.2120000e+02   2.7060000e-02   1.1530000e+01
   3.2793200e+00   1.9344050e+00   1.3340000e+02   2.5575000e-02   8.3700000e+00
   3.2298750e+00   2.2364650e+00   1.2860000e+02   1.7545000e-02   8.1000000e+00
   3.2736550e+00   2.7904800e+00   1.0000000e+02   2.3210000e-02   9.8900000e+00
   3.2055100e+00   3.5768150e+00   1.3060000e+02   3.2230000e-02   8.1100000e+00
   3.0956750e+00   4.5832050e+00   1.0000000e+02   2.2385000e-02   8.6500000e+00
   3.1644800e+00   4.8450050e+00   1.1900000e+02   2.0570000e-02   1.0630000e+01
   3.2775600e+00   6.3357800e+00   1.0140000e+02   4.3010000e-02   8.0200000e+00
   3.2175000e+00   6.7952500e+00   1.2440000e+02   1.9635000e-02   1.0190000e+01
   3.1966000e+00   7.5872500e+00   1.2200000e+02   1.9635000e-02   1.0260000e+01
   3.2016050e+00   9.2314200e+00   1.2060000e+02   1.8645000e-02   8.1900000e+00
   3.5349050e+00   1.0159050e+00   1.0060000e+02   2.3210000e-02   1.1000000e+01
   3.5188450e+00   1.1978450e+00   1.2300000e+02   2.3210000e-02   8.8400000e+00
   3.4460250e+00   6.4450100e+00   1.2420000e+02   2.0570000e-02   9.0300000e+00
   3.5024000e+00   6.9822500e+00   1.2200000e+02   1.9635000e-02   1.0030000e+01
   3.7221250e+00   6.7196250e+00   1.2200000e+02   1.7545000e-02   8.2400000e+00
   3.2782750e+00   9.7819150e+00   1.3060000e+02   3.9270000e-02   8.4700000e+00
   3.5975500e+00   9.9570900e+00   1.3340000e+02   2.8435000e-02   1.0360000e+01
   4.1230750e+00   1.0234950e+00   1.0160000e+02   2.9755000e-02   9.0200000e+00
   3.8426850e+00   1.2191850e+00   1.2240000e+02   2.1505000e-02   8.4400000e+00
   3.8323450e+00   2.7134800e+00   1.0000000e+02   2.3210000e-02   9.9500000e+00
   3.8830000e+00   9.5715950e+00   1.2180000e+02   1.6445000e-02   8.0300000e+00
   3.9586800e+00   1.0084140e+01   1.3360000e+02   3.1020000e-02   1.0560000e+01
   4.1135600e+00   8.9760000e-01   1.2280000e+02   3.1020000e-02   8.1600000e+00
   3.9909100e+00   4.0074100e+00   1.3280000e+02   2.2385000e-02   1.2140000e+01
   4.2157500e+00   9.1822500e+00   1.0460000e+02   1.7545000e-02   8.1100000e+00
   4.1403450e+00   9.7939050e+00   1.2240000e+02   2.3210000e-02   8.1600000e+00
   4.3563850e+00   1.1887700e+00   1.2180000e+02   2.3210000e-02   9.7800000e+00
   4.1901750e+00   1.7025250e+00   1.3220000e+02   2.7775000e-02   8.5400000e+00
   4.4225500e+00   2.6929100e+00   1.0000000e+02   2.8435000e-02   1.0940000e+01
   4.4253000e+00   3.8962000e+00   1.3280000e+02   2.4035000e-02   1.2520000e+01
   4.4907500e+00   6.2134050e+00   1.0440000e+02   2.3210000e-02   1.1500000e+01
   4.2645350e+00   9.1525500e+00   1.0100000e+02   8.8660000e-02   8.1900000e+00
   4.1728500e+00   1.0000100e+01   1.3000000e+02   1.9635000e-02   8.0700000e+00
   4.6213200e+00   8.9127500e-01   1.2080000e+02   2.8435000e-02   8.1500000e+00
   4.5717650e+00   6.0292650e+00   1.0420000e+02   2.2385000e-02   9.1600000e+00
   4.4740300e+00   6.5595200e+00   1.0460000e+02   2.0570000e-02   1.0250000e+01
   4.5272150e+00   6.7070850e+00   1.0440000e+02   2.4035000e-02   9.2700000e+00
   4.6107050e+00   6.8255000e+00   1.0440000e+02   2.2385000e-02   9.2900000e+00
   4.7296700e+00   7.6616650e+00   1.1620000e+02   8.1400000e-02   8.2500000e+00
   4.5876600e+00   8.2247550e+00   1.0520000e+02   2.5575000e-02   9.5600000e+00
   4.7936350e+00   1.2677500e-01   1.0320000e+02   4.0205000e-02   8.2600000e+00
   4.8797650e+00   1.1681450e+00   1.2200000e+02   2.2385000e-02   1.0290000e+01
   4.7626150e+00   1.7237000e+00   1.3220000e+02   2.4035000e-02   9.4100000e+00
   5.1093900e+00   6.2451950e+00   1.2580000e+02   8.1620000e-02   8.4900000e+00
   5.0904150e+00   6.4007350e+00   1.1980000e+02   2.5575000e-02   8.1100000e+00
   4.7606350e+00   7.6454400e+00   1.0340000e+02   7.1830000e-02   1.0450000e+01
   4.9055600e+00   7.8278750e+00   1.1280000e+02   2.1505000e-02   9.2600000e+00
   4.8407150e+00   8.3405850e+00   1.0520000e+02   2.4035000e-02   1.2180000e+01
   4.9151850e+00   9.3408150e+00   1.0140000e+02   1.8645000e-02   8.1100000e+00
   4.7850000e+00   1.0114500e+01   1.2220000e+02   1.9635000e-02   8.3200000e+00
   4.8833400e+00   3.8302550e+00   1.3240000e+02   2.5575000e-02   1.4080000e+01
   4.9756850e+00   4.7966050e+00   1.2180000e+02   1.8645000e-02   8.8100000e+00
   5.1844650e+00   6.2959600e+00   1.3200000e+02   5.4835000e-02   9.3000000e+00
   5.1546550e+00   6.3666900e+00   1.0740000e+02   9.8890000e-02   8.2100000e+00
   5.1704400e+00   6.4172350e+00   1.2980000e+02   1.4476000e-01   8.4000000e+00
   4.9531900e+00   7.7891550e+00   1.0280000e+02   7.4470000e-02   1.2720000e+01
   5.1014150e+00   8.7292150e+00   1.0220000e+02   2.4035000e-02   9.5400000e+00
   4.9599550e+00   9.3445000e+00   1.0000000e+02   8.5085000e-02   8.0900000e+00
   5.3585950e+00   3.3894300e+00   1.0380000e+02   8.9485000e-02   8.3500000e+00
   5.2991400e+00   4.9301450e+00   1.2140000e+02   2.9755000e-02   1.2300000e+01
   5.4151900e+00   5.3528750e+00   1.1140000e+02   2.1505000e-02   9.1800000e+00
   5.1478900e+00   6.2918350e+00   1.2080000e+02   9.7350000e-02   8.3400000e+00
   5.2607500e+00   7.4800000e+00   1.2440000e+02   1.9635000e-02   1.0540000e+01
   5.3361550e+00   1.1471900e+00   1.0000000e+02   2.7060000e-02   9.8200000e+00
   5.3426450e+00   1.7820000e+00   1.3220000e+02   2.6345000e-02   1.0010000e+01
   5.6084050e+00   2.8318950e+00   1.0120000e+02   4.1195000e-02   8.1200000e+00
   5.3609050e+00   3.3545050e+00   1.0000000e+02   3.6740000e-02   8.6300000e+00
   5.2252200e+00   6.3577800e+00   1.1880000e+02   3.2230000e-02   8.9400000e+00
   5.2022300e+00   6.4012300e+00   1.0440000e+02   7.1280000e-02   8.0400000e+00
   5.3654150e+00   6.4941250e+00   1.0440000e+02   9.9660000e-02   8.8800000e+00
   5.4762950e+00   7.9542100e+00   1.0380000e+02   6.2975000e-02   1.2370000e+01
   5.4092500e+00   8.4464050e+00   1.0520000e+02   2.3210000e-02   1.2360000e+01
   5.3952250e+00   9.1116850e+00   1.3080000e+02   2.8435000e-02   1.1530000e+01
   5.4635900e+00   9.7902200e+00   1.3500000e+02   4.3010000e-02   8.8200000e+00
   5.7872100e+00   4.9162850e+00   1.2120000e+02   2.9755000e-02   1.3010000e+01
   5.4375200e+00   6.5399950e+00   1.2760000e+02   6.5395000e-02   8.9000000e+00
   5.5664950e+00   7.3774800e+00   1.2440000e+02   2.0570000e-02   8.2700000e+00
   5.6386000e+00   7.6835000e+00   1.3420000e+02   1.9635000e-02   8.7100000e+00
   5.7105950e+00   8.4342500e+00   1.0520000e+02   2.3210000e-02   1.0370000e+01
   5.9873550e+00   9.4398150e+00   1.0040000e+02   6.2700000e-02   8.8500000e+00
   5.9297150e+00   1.1986700e+00   1.2120000e+02   2.4805000e-02   8.6600000e+00
   5.8283500e+00   3.8439500e+00   1.3260000e+02   2.7775000e-02   1.2560000e+01
   5.8341250e+00   4.7093750e+00   1.2140000e+02   2.1505000e-02   8.9600000e+00
   5.4740400e+00   6.3948500e+00   1.0360000e+02   3.9270000e-02   8.3100000e+00
   5.4721700e+00   6.4618950e+00   1.1300000e+02   4.9280000e-02   8.8000000e+00
   5.4198650e+00   6.4838400e+00   1.3200000e+02   1.2490500e-01   8.3800000e+00
   5.9565000e+00   6.7155000e+00   1.0580000e+02   2.8435000e-02   9.4100000e+00
   5.7861100e+00   7.9499200e+00   1.0320000e+02   7.0785000e-02   1.2290000e+01
   5.8073400e+00   8.6838400e+00   1.0240000e+02   1.7545000e-02   9.6800000e+00
   6.1892600e+00   2.9890850e+00   1.0000000e+02   2.7060000e-02   8.8900000e+00
   6.0747500e+00   6.6534050e+00   1.0640000e+02   2.3210000e-02   1.0490000e+01
   6.0480200e+00   7.6509950e+00   1.3420000e+02   2.0570000e-02   8.6600000e+00
   6.0134800e+00   8.3769950e+00   1.0500000e+02   2.0570000e-02   9.9000000e+00
   5.9788300e+00   9.7947850e+00   1.3460000e+02   4.6035000e-02   8.1000000e+00
   6.2059800e+00   1.9299500e-01   1.2020000e+02   2.0570000e-02   8.2200000e+00
   5.9656300e+00   3.4763300e+00   1.0600000e+02   3.5090000e-02   8.0300000e+00
   6.2987100e+00   3.9242500e+00   1.3220000e+02   2.6345000e-02   1.1080000e+01
   6.2880950e+00   4.9188150e+00   1.2580000e+02   2.8435000e-02   9.5500000e+00
   6.2900750e+00   4.9485700e+00   1.2200000e+02   3.4540000e-02   1.4090000e+01
   6.2857300e+00   4.9810750e+00   1.1660000e+02   4.4330000e-02   8.8400000e+00
   6.2130200e+00   5.3510050e+00   1.1120000e+02   2.0570000e-02   1.2140000e+01
   6.5585300e+00   7.5880200e+00   1.3440000e+02   2.0570000e-02   8.9100000e+00
   6.1054400e+00   7.8888700e+00   1.0380000e+02   6.2370000e-02   1.1010000e+01
   6.2831450e+00   8.4437100e+00   1.0100000e+02   2.9755000e-02   1.0460000e+01
   6.2649950e+00   8.5725200e+00   1.0060000e+02   2.0570000e-02   9.9800000e+00
   6.1592300e+00   9.0234100e+00   1.3100000e+02   3.3440000e-02   1.1540000e+01
   6.4958300e+00   2.0148150e+00   1.3220000e+02   2.6345000e-02   9.1100000e+00
   6.3267050e+00   4.9567650e+00   1.2780000e+02   2.2385000e-02   8.6200000e+00
   6.6019800e+00   5.4399950e+00   1.1120000e+02   2.0570000e-02   1.0690000e+01
   6.4684950e+00   6.5925200e+00   1.3440000e+02   2.0570000e-02   9.2600000e+00
   6.5679350e+00   6.8525600e+00   1.3440000e+02   2.1505000e-02   8.7700000e+00
   6.4632150e+00   7.7777150e+00   1.3400000e+02   1.7545000e-02   8.3200000e+00
   6.5842150e+00   8.2756850e+00   1.0060000e+02   3.0415000e-02   1.2780000e+01
   6.5456050e+00   8.9000450e+00   1.2720000e+02   4.9665000e-02   8.0400000e+00
   6.4908800e+00   9.7396200e+00   1.3500000e+02   3.5090000e-02   8.9600000e+00
   6.6094050e+00   1.0257500e+01   1.0080000e+02   1.6445000e-02   8.2400000e+00
   6.6059950e+00   4.9794800e+00   1.1820000e+02   2.0570000e-02   9.6000000e+00
   6.6160600e+00   7.1133150e+00   1.3420000e+02   2.1505000e-02   1.0190000e+01
   6.7251250e+00   8.0268100e+00   1.2180000e+02   2.1505000e-02   8.5500000e+00
   7.0235000e+00   5.1645000e+00   1.1800000e+02   2.0570000e-02   9.7300000e+00
   7.1137000e+00   6.2147250e+00   1.0300000e+02   2.7775000e-02   9.0400000e+00
   6.9799950e+00   8.2205200e+00   1.0020000e+02   2.0570000e-02   1.0220000e+01
   6.8477200e+00   8.4671400e+00   1.0000000e+02   8.3270000e-02   8.7800000e+00
   6.9132250e+00   8.6753150e+00   1.3040000e+02   2.8435000e-02   8.9800000e+00
   7.3025700e+00   5.1835850e+00   1.2200000e+02   3.8280000e-02   1.3670000e+01
   7.2757300e+00   5.2015700e+00   1.1660000e+02   4.3450000e-02   8.7800000e+00
   7.2490000e+00   6.5803650e+00   1.0480000e+02   2.3210000e-02   1.0020000e+01
   7.2595050e+00   6.7692900e+00   1.0400000e+02   2.9755000e-02   1.2910000e+01
   7.2485600e+00   7.0995650e+00   1.0460000e+02   2.1505000e-02   1.0670000e+01
   7.2441600e+00   7.3182450e+00   1.0460000e+02   2.5575000e-02   1.0430000e+01
   7.1783250e+00   7.5795500e+00   1.0380000e+02   2.7775000e-02   9.6400000e+00
   7.1188150e+00   7.8320000e+00   1.0200000e+02   3.2230000e-02   9.0400000e+00
   7.4474950e+00   7.9948000e-01   1.1680000e+02   2.0570000e-02   8.2800000e+00
   7.5953350e+00   1.2888700e+00   1.0180000e+02   1.3821500e-01   8.0500000e+00
   7.4131750e+00   5.3959400e+00   1.1800000e+02   2.2385000e-02   1.1130000e+01
   7.1857500e+00   6.3320950e+00   1.0480000e+02   2.3210000e-02   1.1420000e+01
   7.3443150e+00   7.5452300e+00   1.0060000e+02   2.8435000e-02   1.1080000e+01
   7.3040000e+00   7.9750000e+00   1.0020000e+02   1.8645000e-02   8.9400000e+00
   7.6260250e+00   5.9170100e+00   1.0380000e+02   2.0570000e-02   9.0800000e+00
   7.5264200e+00   7.2452600e+00   1.0000000e+02   3.1020000e-02   9.4200000e+00
   7.7733150e+00   2.5006850e+00   1.0820000e+02   2.1505000e-02   9.6500000e+00
   7.8755600e+00   4.7683900e+00   1.0000000e+02   4.8455000e-02   9.2800000e+00
   7.7902000e+00   5.3815850e+00   1.2100000e+02   3.3990000e-02   1.1440000e+01
   8.0341800e+00   5.5294250e+00   1.0420000e+02   3.3440000e-02   8.3100000e+00
   7.7672100e+00   6.1783150e+00   1.0380000e+02   1.8645000e-02   1.0050000e+01
   7.8700050e+00   6.4495200e+00   1.0380000e+02   2.0570000e-02   1.0860000e+01
   7.5853800e+00   1.0230165e+01   1.0380000e+02   3.5090000e-02   8.0200000e+00
   7.8677500e+00   5.2360000e+00   1.0240000e+02   2.6345000e-02   9.1700000e+00
   8.1932400e+00   5.8433100e+00   1.0220000e+02   2.7060000e-02   1.2960000e+01
   7.9585000e+00   7.0125000e+00   1.0420000e+02   1.8645000e-02   1.1200000e+01
   7.9433750e+00   7.2888750e+00   1.0380000e+02   1.7545000e-02   8.0200000e+00
   8.0486450e+00   1.0110540e+01   1.0240000e+02   2.6345000e-02   8.1000000e+00
   8.3226550e+00   2.7134800e+00   1.0840000e+02   2.3210000e-02   9.9100000e+00
   8.2459300e+00   5.0384400e+00   1.0000000e+02   4.5210000e-02   1.1820000e+01
   8.2424100e+00   5.7936450e+00   1.0260000e+02   2.2385000e-02   9.3900000e+00
   8.0935250e+00   5.9672250e+00   1.1880000e+02   2.7775000e-02   9.1200000e+00
   8.3765000e+00   6.5045750e+00   1.0280000e+02   2.5575000e-02   1.0980000e+01
   8.4119200e+00   6.8433750e+00   1.0260000e+02   2.4805000e-02   9.9400000e+00
   8.4793500e+00   9.9313500e+00   1.0140000e+02   2.7775000e-02   8.8300000e+00
   8.8341550e+00   2.9757750e+00   1.0820000e+02   2.7060000e-02   1.0740000e+01
   8.8722150e+00   5.6868900e+00   1.0000000e+02   4.5210000e-02   1.1260000e+01
   8.4395850e+00   6.4535350e+00   1.0420000e+02   2.7060000e-02   8.0100000e+00
   8.8655050e+00   7.7534050e+00   1.0020000e+02   2.8435000e-02   8.0200000e+00
   8.8648450e+00   4.8075500e-01   1.2320000e+02   3.6190000e-02   9.6100000e+00
   9.1845600e+00   6.6000000e-01   1.2860000e+02   3.0415000e-02   8.1100000e+00
   9.2906550e+00   2.2773850e+00   1.2720000e+02   2.3210000e-02   1.0150000e+01
   8.9583450e+00   7.7551650e+00   1.0700000e+02   3.6190000e-02   8.0100000e+00
   9.0695000e+00   4.7503500e-01   1.0020000e+02   2.7060000e-02   8.9800000e+00
   9.2206950e+00   6.6440000e-01   1.2300000e+02   4.1635000e-02   1.1770000e+01
   9.1166900e+00   6.0531900e+00   1.0000000e+02   4.7685000e-02   8.3300000e+00
   9.3178800e+00   2.2607750e+00   1.2300000e+02   4.8895000e-02   8.2000000e+00
   9.3265700e+00   2.2983950e+00   1.3100000e+02   6.7155000e-02   9.2200000e+00
   9.3211250e+00   2.3278750e+00   1.3480000e+02   1.7545000e-02   8.3400000e+00
   9.6910000e+00   2.6092000e+00   1.3300000e+02   2.7775000e-02   1.0040000e+01
   9.5312250e+00   1.5253150e+00   1.0020000e+02   2.8435000e-02   8.8000000e+00
   9.6811550e+00   3.6181200e+00   1.0840000e+02   2.7060000e-02   1.0310000e+01
   9.5675800e+00   3.7724500e-01   1.1880000e+02   3.6190000e-02   8.0100000e+00
   9.9070950e+00   1.0676600e+00   1.1840000e+02   3.9765000e-02   8.3000000e+00
   9.9196350e+00   1.0924650e+00   1.2380000e+02   4.5595000e-02   1.0690000e+01
   9.8804200e+00   1.6629800e+00   1.0080000e+02   3.1020000e-02   8.2400000e+00
   9.7471000e+00   2.6032600e+00   1.2380000e+02   7.8485000e-02   8.1700000e+00
   1.0132760e+01   2.9385950e+00   1.3140000e+02   6.6825000e-02   9.3700000e+00
   1.0015500e+01   3.9689100e+00   1.0900000e+02   2.2385000e-02   8.5000000e+00
   9.6527750e+00   5.4418650e+00   1.1220000e+02   3.9270000e-02   8.0500000e+00
   9.9257950e+00   7.0844400e+00   1.2940000e+02   2.2385000e-02   8.4000000e+00
   1.0119175e+01   1.0533160e+01   1.0180000e+02   3.1625000e-02   8.1600000e+00
   1.0544160e+01   9.2378000e-01   1.0000000e+02   3.1625000e-02   8.3400000e+00
   1.0271360e+01   1.3281400e+00   1.2340000e+02   3.4540000e-02   9.3100000e+00
   1.0140955e+01   2.9787450e+00   1.2440000e+02   3.5090000e-02   9.6800000e+00
   1.0069785e+01   6.3503000e+00   1.1160000e+02   2.4035000e-02   8.4300000e+00
   1.0265365e+01   8.7638650e+00   1.2660000e+02   2.3210000e-02   9.4200000e+00
   1.0252000e+01   1.0545425e+01   1.1600000e+02   2.9755000e-02   9.8400000e+00
   1.0612415e+01   1.3272600e+00   1.0040000e+02   2.7060000e-02   8.6100000e+00
   1.0814320e+01   5.5056650e+00   1.1400000e+02   3.7730000e-02   8.4500000e+00
   1.0437900e+01   8.3116000e+00   1.2600000e+02   2.4035000e-02   9.9300000e+00
   1.0592615e+01   1.7886000e+00   1.2720000e+02   2.4035000e-02   9.2200000e+00
   1.0843250e+01   3.6080000e+00   1.3420000e+02   1.5180000e-02   9.0400000e+00
   1.0786160e+01   3.6304400e+00   1.3180000e+02   4.3890000e-02   8.6900000e+00
   1.0694585e+01   6.9083850e+00   1.2660000e+02   2.4035000e-02   8.3500000e+00
   1.0665655e+01   7.3790200e+00   1.2700000e+02   2.3210000e-02   9.6000000e+00
