   1.7050000e-01   1.5950000e+00   1.0720000e+02   1.8645000e-02   8.0300000e+00
   7.7000000e-02   1.6747500e+00   1.1600000e+02   1.7545000e-02   8.4700000e+00
   1.5400000e-01   6.1710000e+00   1.0280000e+02   1.6445000e-02   8.0500000e+00
   5.5550000e-01   1.5659050e+00   1.1060000e+02   1.6445000e-02   8.0600000e+00
   5.8481500e-01   4.9252500e+00   1.2840000e+02   2.1505000e-02   8.6100000e+00
   7.4217000e-01   4.6805000e+00   1.2740000e+02   2.5575000e-02   8.6300000e+00
   9.2477000e-01   3.2497300e+00   1.3500000e+02   2.3210000e-02   8.3900000e+00
   7.7412500e-01   9.0994200e+00   1.3220000e+02   2.4805000e-02   8.8300000e+00
   1.1987800e+00   3.3034650e+00   1.2980000e+02   3.0415000e-02   1.0160000e+01
   1.3086150e+00   6.3492000e+00   1.1120000e+02   2.4035000e-02   1.1500000e+01
   1.4287350e+00   3.9359100e+00   1.2760000e+02   2.2385000e-02   9.8000000e+00
   1.4398450e+00   6.0060000e+00   1.1060000e+02   2.3210000e-02   9.0400000e+00
   1.6747500e+00   3.1157500e+00   1.3000000e+02   2.3210000e-02   1.0440000e+01
   1.7391550e+00   3.7050200e+00   1.2780000e+02   2.3210000e-02   1.0300000e+01
   1.6067700e+00   5.7035000e+00   1.3360000e+02   2.3210000e-02   8.4600000e+00
   1.9433150e+00   5.0563150e+00   1.2300000e+02   2.4035000e-02   1.1460000e+01
   1.8057050e+00   5.3635450e+00   1.2340000e+02   2.4805000e-02   1.2490000e+01
   2.1862500e+00   2.9696150e+00   1.3000000e+02   2.3210000e-02   1.0320000e+01
   2.1219000e+00   4.7571150e+00   1.2280000e+02   2.4035000e-02   1.0540000e+01
   2.1011650e+00   5.1430500e+00   1.1180000e+02   3.3440000e-02   8.4100000e+00
   2.4027850e+00   4.9144150e+00   1.1080000e+02   2.4035000e-02   1.0680000e+01
   2.2831050e+00   8.2151850e+00   1.0440000e+02   1.8645000e-02   8.4700000e+00
   2.5869800e+00   2.2696850e+00   1.3260000e+02   3.5640000e-02   8.0700000e+00
   2.6024900e+00   4.1984800e+00   1.2260000e+02   2.0570000e-02   8.7000000e+00
   2.5300000e+00   6.8310000e+00   1.2640000e+02   1.8645000e-02   8.9200000e+00
   2.5190000e+00   8.5982050e+00   1.1280000e+02   2.2385000e-02   8.3400000e+00
   2.6239400e+00   8.8614350e+00   1.1280000e+02   2.1505000e-02   1.0330000e+01
   2.8796350e+00   1.6720000e+00   1.3380000e+02   7.7000000e-02   8.0700000e+00
   2.9755000e+00   5.5660000e+00   1.0200000e+02   1.8645000e-02   1.2560000e+01
   2.6922500e+00   8.3105000e+00   1.0420000e+02   1.5180000e-02   8.4900000e+00
   2.7720000e+00   9.1162500e+00   1.1300000e+02   1.9635000e-02   1.1000000e+01
   3.1443500e+00   2.2392150e+00   1.3120000e+02   2.9755000e-02   8.5300000e+00
   2.9057050e+00   3.9422350e+00   1.2260000e+02   2.2385000e-02   8.4700000e+00
   3.1047500e+00   5.3020000e+00   1.0180000e+02   1.9635000e-02   1.1550000e+01
   3.5455200e+00   7.5180050e+00   1.1360000e+02   2.0570000e-02   9.1200000e+00
   3.2303150e+00   8.4229200e+00   1.1000000e+02   1.8645000e-02   9.1600000e+00
   3.4279300e+00   1.0819105e+01   1.0920000e+02   7.3425000e-02   8.3600000e+00
   3.7320800e+00   6.9892900e+00   1.1260000e+02   1.8645000e-02   9.0900000e+00
   3.4237500e+00   2.2275000e-01   1.0020000e+02   1.7545000e-02   8.1300000e+00
   3.2913100e+00   5.0576900e+00   1.0240000e+02   2.7060000e-02   8.1100000e+00
   3.6165250e+00   7.2425100e+00   1.1180000e+02   2.0570000e-02   1.1210000e+01
   3.6395150e+00   7.9260500e+00   1.1600000e+02   6.5120000e-02   8.0800000e+00
   3.7038650e+00   8.5863800e+00   1.1600000e+02   4.6420000e-02   8.6000000e+00
   3.8371300e+00   1.5528700e+00   1.3280000e+02   4.8895000e-02   8.0200000e+00
   3.8206850e+00   4.6523950e+00   1.0180000e+02   1.8645000e-02   8.2700000e+00
   3.6243900e+00   7.8997600e+00   1.1600000e+02   5.6210000e-02   8.1400000e+00
   3.6897850e+00   8.5586050e+00   1.1600000e+02   5.6540000e-02   8.0200000e+00
   3.8095750e+00   8.8298100e+00   1.1600000e+02   6.0830000e-02   8.4800000e+00
   3.8393300e+00   8.8647900e+00   1.1600000e+02   6.1765000e-02   8.1900000e+00
   4.1518400e+00   4.5038400e+00   1.0180000e+02   1.7545000e-02   8.7400000e+00
   4.2045300e+00   5.3717950e+00   1.2360000e+02   2.2385000e-02   9.6800000e+00
   4.1509050e+00   6.5391150e+00   1.1200000e+02   2.3210000e-02   8.3000000e+00
   4.1379800e+00   8.3980050e+00   1.0420000e+02   2.0570000e-02   9.6900000e+00
   4.0157700e+00   9.1001350e+00   1.1600000e+02   6.7430000e-02   8.3400000e+00
   4.1017350e+00   9.1748250e+00   1.1600000e+02   4.3010000e-02   8.1000000e+00
   4.3106250e+00   3.1215800e+00   1.2780000e+02   2.4805000e-02   8.4600000e+00
   4.3239900e+00   7.2305200e+00   1.2060000e+02   2.0570000e-02   8.9700000e+00
   4.4206250e+00   7.5271900e+00   1.2060000e+02   2.1505000e-02   1.0980000e+01
   4.4370150e+00   1.9455150e+00   1.2240000e+02   2.0570000e-02   9.1300000e+00
   4.6978250e+00   2.5520000e+00   1.0520000e+02   3.2230000e-02   8.8600000e+00
   4.4727100e+00   5.0703950e+00   1.2340000e+02   1.8645000e-02   9.6400000e+00
   4.4293150e+00   6.3628950e+00   1.1180000e+02   1.8645000e-02   8.3800000e+00
   4.5595000e+00   7.4680650e+00   1.0440000e+02   2.1505000e-02   9.0800000e+00
   4.5665950e+00   7.8072500e+00   1.2020000e+02   2.3210000e-02   1.1540000e+01
   4.5430000e+00   8.8512050e+00   1.0120000e+02   2.2385000e-02   8.4600000e+00
   4.1560750e+00   9.1879150e+00   1.1700000e+02   2.5575000e-02   9.7400000e+00
   4.7293400e+00   2.5045900e+00   1.0560000e+02   1.7545000e-02   8.3500000e+00
   4.7394050e+00   2.5542000e+00   1.0000000e+02   3.8280000e-02   1.2160000e+01
   4.7923150e+00   4.7923150e+00   1.2340000e+02   2.1505000e-02   8.4800000e+00
   4.7772450e+00   7.0138200e+00   1.0440000e+02   2.5575000e-02   9.2700000e+00
   4.7397350e+00   7.4647650e+00   1.0440000e+02   2.2385000e-02   8.5000000e+00
   4.5879350e+00   7.6844350e+00   1.0100000e+02   1.5180000e-02   9.3600000e+00
   4.6608100e+00   8.3531250e+00   1.0420000e+02   2.1505000e-02   1.0180000e+01
   4.8726150e+00   1.8307850e+00   1.2220000e+02   2.4035000e-02   8.1500000e+00
   4.8844400e+00   3.1276850e+00   1.2780000e+02   2.1505000e-02   8.1900000e+00
   5.1538850e+00   7.4164200e+00   1.0040000e+02   4.8455000e-02   9.2300000e+00
   5.1425000e+00   7.5597500e+00   1.0420000e+02   8.8000000e-03   9.4200000e+00
   5.0691850e+00   8.1571050e+00   1.0220000e+02   1.8645000e-02   9.7500000e+00
   4.9052300e+00   9.5672500e+00   1.0420000e+02   2.3210000e-02   8.7900000e+00
   5.2349000e+00   4.0700000e-01   1.3140000e+02   1.9635000e-02   8.2900000e+00
   5.2245600e+00   2.4546500e+00   1.0000000e+02   3.7730000e-02   1.1430000e+01
   5.1814400e+00   3.8341050e+00   1.0000000e+02   6.7705000e-02   8.1300000e+00
   5.2775800e+00   5.0196850e+00   1.0280000e+02   1.8645000e-02   1.1230000e+01
   5.3604650e+00   6.8352900e+00   1.2160000e+02   3.9765000e-02   8.0900000e+00
   5.3771850e+00   6.9061850e+00   1.0400000e+02   1.8645000e-02   8.9100000e+00
   5.1354050e+00   7.0812500e+00   1.0400000e+02   2.3210000e-02   1.1260000e+01
   5.2100400e+00   7.4311600e+00   1.1440000e+02   4.6860000e-02   8.1600000e+00
   5.1832550e+00   7.7488400e+00   1.0580000e+02   2.5575000e-02   9.6000000e+00
   5.2240650e+00   9.0905650e+00   1.0120000e+02   1.5180000e-02   8.3600000e+00
   5.4677150e+00   5.0057150e+00   1.0300000e+02   1.7545000e-02   1.0280000e+01
   5.5408100e+00   6.6794750e+00   1.0360000e+02   3.4540000e-02   9.0700000e+00
   5.4945000e+00   6.7601050e+00   1.0420000e+02   2.7060000e-02   8.7700000e+00
   5.3591450e+00   7.0654100e+00   1.0380000e+02   2.2385000e-02   1.0400000e+01
   5.4431850e+00   8.1241050e+00   1.0200000e+02   1.8645000e-02   8.2500000e+00
   5.5644050e+00   8.2192550e+00   1.0500000e+02   2.5575000e-02   1.0470000e+01
   5.3672300e+00   9.5004800e+00   1.0440000e+02   2.3210000e-02   9.2600000e+00
   5.6888150e+00   2.7461500e-01   1.3140000e+02   2.4035000e-02   9.6400000e+00
   5.7094950e+00   2.4246750e+00   1.0000000e+02   3.6190000e-02   1.1810000e+01
   5.6767150e+00   5.0208400e+00   1.0280000e+02   1.7545000e-02   9.9100000e+00
   5.5825000e+00   6.5780000e+00   1.0380000e+02   2.8435000e-02   1.0510000e+01
   5.5962500e+00   7.0085950e+00   1.0380000e+02   2.3210000e-02   1.0460000e+01
   5.4495650e+00   7.4435900e+00   1.0860000e+02   1.2193500e-01   8.1400000e+00
   5.4306450e+00   7.6086450e+00   1.0420000e+02   2.2385000e-02   9.1900000e+00
   5.5907500e+00   9.1602500e+00   1.0120000e+02   2.1505000e-02   9.8700000e+00
   5.6552650e+00   9.7857650e+00   1.2980000e+02   2.2385000e-02   8.2700000e+00
   5.8380300e+00   4.2440200e+00   1.0400000e+02   2.0570000e-02   8.5500000e+00
   5.9274050e+00   4.4275000e+00   1.0500000e+02   1.6445000e-02   8.8300000e+00
   5.7283050e+00   5.3698700e+00   1.0520000e+02   3.9765000e-02   9.6500000e+00
   6.0087500e+00   7.2899750e+00   1.0780000e+02   1.3123000e-01   8.3700000e+00
   5.9373050e+00   7.5923100e+00   1.0400000e+02   4.6860000e-02   1.0000000e+01
   5.7361700e+00   7.6291050e+00   1.0360000e+02   2.6345000e-02   1.0640000e+01
   5.8059100e+00   8.0376450e+00   1.0180000e+02   2.2385000e-02   8.8800000e+00
   5.9665650e+00   8.3978950e+00   1.1800000e+02   2.6345000e-02   8.2700000e+00
   5.9657950e+00   9.1769700e+00   1.0120000e+02   2.2385000e-02   1.0550000e+01
   5.8482050e+00   9.3770600e+00   1.0420000e+02   2.2385000e-02   1.0330000e+01
   6.2209400e+00   1.0093435e+01   1.1200000e+02   2.1505000e-02   8.8200000e+00
   6.1964650e+00   1.5536400e+00   1.1540000e+02   3.2230000e-02   9.9000000e+00
   6.1187500e+00   4.4412500e+00   1.0500000e+02   1.2430000e-02   8.0500000e+00
   5.9895000e+00   5.4202500e+00   1.0340000e+02   2.4805000e-02   1.1690000e+01
   6.0016550e+00   5.5734800e+00   1.0300000e+02   2.3210000e-02   1.1240000e+01
   6.1572500e+00   5.6732500e+00   1.0320000e+02   1.7545000e-02   1.1850000e+01
   6.3764800e+00   6.3241200e+00   1.2000000e+02   3.4540000e-02   8.0800000e+00
   6.1325000e+00   8.3802950e+00   1.1760000e+02   2.2385000e-02   9.7200000e+00
   6.3311050e+00   4.4531850e+00   1.0480000e+02   1.8645000e-02   8.3000000e+00
   6.4353850e+00   4.7814800e+00   1.0880000e+02   2.3210000e-02   1.3680000e+01
   6.3269800e+00   4.9805250e+00   1.0540000e+02   2.0570000e-02   1.1080000e+01
   6.0672150e+00   5.6180850e+00   1.0300000e+02   2.4035000e-02   1.0960000e+01
   6.3497500e+00   5.8767500e+00   1.0200000e+02   2.4805000e-02   1.2560000e+01
   6.3767000e+00   6.0588000e+00   1.0260000e+02   2.4035000e-02   1.1460000e+01
   6.4047500e+00   6.3347900e+00   1.2360000e+02   2.6345000e-02   1.1370000e+01
   6.4811450e+00   6.9238400e+00   1.0260000e+02   5.5495000e-02   8.9000000e+00
   6.2879850e+00   7.1379000e+00   1.0780000e+02   1.2941500e-01   8.2900000e+00
   6.1876650e+00   7.5222400e+00   1.0460000e+02   3.8280000e-02   8.8100000e+00
   6.1939350e+00   7.9053150e+00   1.0600000e+02   2.1505000e-02   9.0700000e+00
   6.5531950e+00   2.0332400e+00   1.1420000e+02   3.7730000e-02   1.2170000e+01
   6.5632050e+00   3.4997050e+00   1.2780000e+02   2.4805000e-02   8.0600000e+00
   6.5010000e+00   5.0600000e+00   1.0540000e+02   1.8645000e-02   9.8600000e+00
   6.5305900e+00   5.6330450e+00   1.0320000e+02   2.4805000e-02   9.7500000e+00
   6.5495650e+00   5.9120600e+00   1.0340000e+02   2.1505000e-02   9.8000000e+00
   6.5385100e+00   6.8738450e+00   1.2660000e+02   8.6020000e-02   8.4100000e+00
   6.4480900e+00   7.4354500e+00   1.0440000e+02   4.3890000e-02   1.1080000e+01
   6.4350000e+00   7.9906750e+00   1.0620000e+02   2.2385000e-02   9.3700000e+00
   6.5050150e+00   1.0637495e+01   1.0940000e+02   4.9665000e-02   8.9900000e+00
   6.7341450e+00   1.0306450e+00   1.2960000e+02   2.2385000e-02   8.1600000e+00
   6.7439350e+00   1.5753100e+00   1.1580000e+02   3.0415000e-02   8.7900000e+00
   6.6508200e+00   2.5251600e+00   1.0000000e+02   3.1020000e-02   1.1130000e+01
   6.7984400e+00   4.8665650e+00   1.0880000e+02   2.1505000e-02   1.2650000e+01
   6.6818400e+00   5.1452500e+00   1.0560000e+02   1.7545000e-02   9.5300000e+00
   6.8117500e+00   5.4450000e+00   1.0560000e+02   2.4805000e-02   1.2070000e+01
   6.4826300e+00   6.3625650e+00   1.2440000e+02   3.3440000e-02   9.1100000e+00
   6.5489600e+00   6.9257100e+00   1.0540000e+02   1.3651000e-01   8.3400000e+00
   6.5439000e+00   7.3562500e+00   1.0340000e+02   1.9635000e-02   1.0220000e+01
   6.8117500e+00   7.8430000e+00   1.0480000e+02   2.6345000e-02   1.2310000e+01
   6.7054900e+00   8.0309900e+00   1.0560000e+02   2.0570000e-02   1.4080000e+01
   7.0727800e+00   2.1289950e+00   1.1340000e+02   2.9095000e-02   1.2960000e+01
   7.0928000e+00   2.6539700e+00   1.0000000e+02   3.7730000e-02   1.0530000e+01
   7.0134350e+00   4.5750650e+00   1.1480000e+02   2.1505000e-02   8.2000000e+00
   6.8930950e+00   5.5550000e+00   1.0560000e+02   1.6445000e-02   9.0500000e+00
   6.5665600e+00   6.3986450e+00   1.2340000e+02   2.2385000e-02   8.6300000e+00
   6.5820700e+00   6.9313750e+00   1.3120000e+02   1.3090000e-01   8.3000000e+00
   7.0714600e+00   9.6793950e+00   1.1240000e+02   2.6345000e-02   1.0540000e+01
   7.2867850e+00   1.6212900e+00   1.1600000e+02   2.9755000e-02   1.0460000e+01
   7.1574800e+00   4.9944950e+00   1.0880000e+02   2.0570000e-02   1.1250000e+01
   7.0733850e+00   5.3330200e+00   1.0560000e+02   2.3210000e-02   8.4900000e+00
   7.1419150e+00   5.8457850e+00   1.0600000e+02   2.4035000e-02   9.5400000e+00
   7.2469100e+00   5.9434100e+00   1.0600000e+02   2.2385000e-02   9.0600000e+00
   7.2450950e+00   6.5677700e+00   1.0560000e+02   2.3210000e-02   8.0400000e+00
   7.2157250e+00   7.6051250e+00   1.0440000e+02   2.7775000e-02   1.3210000e+01
   7.1372950e+00   1.0923440e+01   1.0320000e+02   2.2385000e-02   8.1300000e+00
   7.5725650e+00   4.4401500e+00   1.0000000e+02   3.9270000e-02   8.2800000e+00
   7.2930000e+00   6.0967500e+00   1.0520000e+02   1.9635000e-02   1.1220000e+01
   7.2919000e+00   6.2117000e+00   1.0520000e+02   1.3860000e-02   1.0020000e+01
   7.5912100e+00   2.2537900e+00   1.1320000e+02   2.9755000e-02   1.1810000e+01
   7.5229000e+00   4.7437500e+00   1.1420000e+02   1.9635000e-02   8.0800000e+00
   7.7598400e+00   1.0660320e+01   1.0680000e+02   2.5575000e-02   9.4700000e+00
   7.6024850e+00   4.4392150e+00   1.0000000e+02   7.2105000e-02   8.3500000e+00
   7.8254000e+00   5.3850500e+00   1.0900000e+02   1.9635000e-02   8.6000000e+00
   7.8182500e+00   9.0035000e+00   1.1200000e+02   2.6345000e-02   1.1740000e+01
   7.4711450e+00   9.3762900e+00   1.1320000e+02   2.6345000e-02   1.0070000e+01
   8.1180000e+00   5.6402500e+00   1.0880000e+02   1.7545000e-02   8.6700000e+00
   8.1161850e+00   1.0638595e+01   1.0400000e+02   3.0415000e-02   8.5000000e+00
   8.3508150e+00   1.7790850e+00   1.1700000e+02   2.4035000e-02   8.3600000e+00
   8.2441150e+00   3.6539800e+00   1.2100000e+02   2.3210000e-02   8.4700000e+00
   8.3306850e+00   7.2513100e+00   1.0500000e+02   2.1505000e-02   8.0100000e+00
   8.2390000e+00   1.0414250e+01   1.0680000e+02   2.3210000e-02   1.0670000e+01
   8.6652500e+00   3.8843750e+00   1.2120000e+02   2.1505000e-02   8.1700000e+00
   8.4611450e+00   6.8915000e+00   1.0460000e+02   2.2385000e-02   8.5100000e+00
   8.8530750e+00   1.9659200e+00   1.2560000e+02   4.0700000e-02   8.0400000e+00
   8.5933100e+00   2.5782350e+00   1.1340000e+02   3.1625000e-02   1.0390000e+01
   8.7003950e+00   1.0120000e+01   1.0660000e+02   2.6345000e-02   1.1640000e+01
   8.5875900e+00   1.0441090e+01   1.0340000e+02   3.3440000e-02   8.8800000e+00
   9.0384800e+00   1.0222795e+01   1.0420000e+02   3.8775000e-02   1.0610000e+01
   9.0766500e+00   2.7786000e+00   1.1320000e+02   2.7775000e-02   1.0630000e+01
   9.3335000e+00   3.9891500e-01   1.0060000e+02   2.5575000e-02   8.0700000e+00
   9.3396050e+00   2.1884500e+00   1.2380000e+02   2.7060000e-02   8.8000000e+00
   9.4705600e+00   4.8957150e+00   1.2200000e+02   3.0415000e-02   1.3510000e+01
   9.4716050e+00   5.0612100e+00   1.1000000e+02   2.6345000e-02   9.0000000e+00
   9.7390700e+00   5.3456150e+00   1.2220000e+02   3.2230000e-02   1.2860000e+01
   9.6800000e+00   5.3574950e+00   1.1100000e+02   2.9755000e-02   8.8900000e+00
   9.9190300e+00   5.8297250e+00   1.1940000e+02   3.9765000e-02   9.6500000e+00
   9.8037500e+00   2.4331450e+00   1.2360000e+02   2.6345000e-02   9.0800000e+00
   9.8547350e+00   5.6629100e+00   1.1040000e+02   2.2385000e-02   8.8400000e+00
   9.9275000e+00   5.8630000e+00   1.2060000e+02   1.0725000e-02   8.8700000e+00
   1.0110595e+01   6.3466150e+00   1.1000000e+02   2.3210000e-02   8.6200000e+00
   1.0111860e+01   6.8710950e+00   1.2140000e+02   2.8435000e-02   1.1040000e+01
   1.0097835e+01   7.4052000e+00   1.2260000e+02   3.6740000e-02   1.0130000e+01
   1.0588490e+01   1.0694200e+01   1.1700000e+02   4.1635000e-02   8.0500000e+00
   1.0581230e+01   6.9496350e+00   1.3220000e+02   1.6445000e-02   8.0100000e+00
   1.0743480e+01   7.1495050e+00   1.0800000e+02   2.0570000e-02   9.6500000e+00
   1.0711470e+01   7.4977650e+00   1.0720000e+02   2.2385000e-02   9.4400000e+00
   1.0732040e+01   8.1895000e+00   1.0760000e+02   2.6345000e-02   9.8600000e+00
   1.0803485e+01   8.5362750e+00   1.0720000e+02   2.9095000e-02   9.9000000e+00
   1.0912000e+01   8.8990000e+00   1.0320000e+02   1.6445000e-02   8.1500000e+00
